Transect Point Shore (M) — Surveyor Latitude Longitude Date (M) Substrate Notes CerDem ElaSp EleSp LemMin MyrSpi NajtMin NymOdo PotFol PotPer StuPec ValAme
4 2 50 Greg Bugbee 415711 -7348837 8/29/2012 100 Muck 0 ) 0 0 2 0 0 0 0 0 0
4 3 100 Greg Bugbee 415711 -73.4884 8/29/2012 080 Muck 0 ) 0 0 0 0 0 0 0 0 0
4 4 200 Greg Bugbee 41571 -73.48842 8/29/2012 150 Muck 0 0 0 0 2 0 2 0 0 0 0
4 5 300 Greg Bugbee 41571 -7348846 8/29/2012 160 Muck 0 0 ) 0 3 0 0 0 0 0 0
4 6 400 Greg Bugbee 415708 -7348854 8/29/2012 2.00 Silt 0 ) 0 0 3 0 0 0 0 0 0
4 7 500 Greg Bugbee 415708 -7348862 8/29/2012 2.00 Silt 0 ) 0 0 3 0 0 0 0 0 0
4 8 600 Greg Bugbee 415707 -73.4887 8/29/2012 2.00 Silt 2 ) 0 0 3 0 0 0 0 0 0
4 s) 70.0 Greg Bugbee 415706 -73.48872 8/29/2012 2.50 Silt 0 3 0 0 2 0 0 0 0 0 0
4 10 800 Greg Bugbee 415705 -7348869 8/29/2012 2.50 Silt 0 0 0 0 0 0 0 0 0 0 0
5 1 05 Greg Bugbee 41.5022 -73.45151 8/29/2012 020 Sand 0 0 0 0 1 0 0 0 0 0 0
5 2 5.0 Greg Bugbee 41.5022 -73.45158 8/29/2012 1.00 Sand 0 0 0 0 3 2 0 0 0 0 0
5 3 10.0 Greg Bugbee 41.5022 -73.45164 8/29/2012 150 Sand 2 0 0 0 4 0 0 0 0 0 0
5 4 20.0 Greg Bugbee 415022 -73.45176 8/29/2012 2.00 Silt 0 0 0 0 4 0 0 0 0 0 0
5 5 30.0 Greg Bugbee 41.5022 -73.45187 8/29/2012 2.00 Silt 0 0 0 0 4 0 0 0 0 0 0
5 6 40.0 Greg Bugbee 41.5022 -73.45202 8/29/2012 2.80 Silt 0 0 0 0 4 0 0 0 0 0 0
5 7 50.0 Greg Bugbee 41.5022 -73.45212 8/29/2012 4.00 Silt 2 0 0 0 0 0 0 0 0 0 0
5 8 60.0 Greg Bugbee 41.5022 -73.45227 8/29/2012 5.00 Silt 0 0 0 0 0 0 0 0 0 0 0
5 9 70.0 Greg Bugbee 41.5021 -73.45232 8/29/2012 5.30 Silt 0 0 0 0 0 0 0 0 0 0 0
5 10 80.0 Greg Bugbee 41.5021 -73.45249 8/29/2012 5.00 Silt 0 0 0 0 0 0 0 0 0 0 0
6 | 05 Greg Bugbee 415139 -7345335 8/29/2012 020 Muck 0 0 ) 0 2 0 0 0) 0 0 0
6 2 50 Greg Bugbee 415139 -7346336 8/29/2012 050 Muck 0) ) 0 0 5 0 0 0 0 0 0
6 3 100 Greg Bugbee 41514 -7345338 8/29/2012 120 Muck 0 0 0 0 5 0 0 0 0 0 0
6 4 200 Greg Bugbee 415141 -7345338 8/29/2012 180 Sand 0 0 0 0 5 0 0 0 0 0 0
6 a 300 Greg Bugbee 415141 -7345341 8/29/2012 2.00 Silt 0 0 0 0 4 0 0 0 0 0 0
6 6 400 Greg Bugbee 415142 -7345342 8/29/2012 200 Silt 0 ) 0 0 4 0 0 0) 0 0 0
6 7 500 Greg Bugbee 415143 -734534 8/29/2012 200 Sand 0 0 0 0 3 0 0 0 0 0 0
6 8 00 Greg Bugbee 415144 -73. 45351 8/29/2012 200 Silt 0 ) 0 0 2 0 0 0 0 0 0
6 ) 700 Greg Bugbee 415145 -73.4534 8/29/2012 3.00 Silt 0 ) 0 0 0 0 0 0 0 0 0
6 10 800 Greg Bugbee 415146 -73.45346 8/29/2012 5.00 Silt 0 ) 0 0 0 0 0 0 0 0 0
7 1 05 Greg Bugbee 415715 -73.44279 8/29/2012 020 Sand 0 0 0 0 2 0 0 0 0 0 0
7 2 5.0 Greg Bugbee 41.5715 -73.44285 8/29/2012 1.00 Sand 0 0 0 0 5 0 0 0 0 0 0

Transect Point Shore (mM) Surveyor Latitude Longitude Date (M) Substrate Notes CerDem ElaSp EleSp LemMin MyrSpi NajMin NymOdo PotFol PotPer StuPec ValAme
4 2 50 Greg Bugbee 415711 -73 48837 8/29/2012 100 Muck 0 0 0 0 2 0 0 0 0 0 0
4 3 100 Greg Bugbee 415711 -734884 8/29/2012 080 Muck 0 0 0 0 0 0 0 0 0 0 0
4 4 200 Greg Bugbee 41571 -73 48842 8/29/2012 1.50 Muck 0 0 0 0 2 0 2 0 0 0 0
4 5 300 Greg Bugbee 41571 -73 48846 8/29/2012 160 Muck 0 0 0 0 3 0 0 0 0 0 0
4 6 400 Greg Bugbee 415708 -73 48854 8/29/2012 200 Silt 0 0 0 0 3 0 0 0 0 0 0
4 7 500 Greg Bugbee 415708 -73 48862 8/29/2012 200 Silt 0 0 0 0 3 0 0 0 0 0 0
4 8 600 Greg Bugbee 415707 -734887 8/29/2012 200 Silt 2 0 0 0 3 0 0 0 0 0 0
4 9 700 Greg Bugbee 415706 -73 48872 8/29/2012 2.50 Silt 0 3 0 0 2 0 0 0 0 0 0
4 10 800 Greg Bugbee 415705 -73 48869 8/29/2012 250 Silt 0 0 0 0 0 0 0 0 0 0 0
5 1 05 Greg Bugbee 415022 -73.45151 8/29/2012 0.20 Sand 0 0 0 0 1 0 0 0 0 0 0
5 2 5.0 Greg Bugbee 41.5022 -73.45158 8/29/2012 100 Sand 0 0 0 0 3 2 0 0 0 0 0
5 3 10.0 Greg Bugbee 41.5022 -73.45164 8/29/2012 150 Sand 2 0 0 0 4 0 0 0 0 0 0
5 4 20.0 Greg Bugbee 41.5022 -73.45176 8/29/2012 2.00 Silt 0 0 0 0 4 0 0 0 0 0 0
5 5 30.0 Greg Bugbee 41.5022 -73.45187 8/29/2012 2.00 Silt 0 0 0 0 4 0 0 0 0 0 0
5 6 40.0 Greg Bugbee 41.5022 -73.45202 8/29/2012 2.80 Silt 0 0 0 0 4 0 0 0 0 0 0
5 7 50.0 Greg Bugbee 41.5022 -73.45212 8/29/2012 4.00 Silt 2 0 0 0 0 0 0 0 0 0 0
5 8 60.0 Greg Bugbee 415022 -73.45227 8/29/2012 5.00 Silt 0 0 0 0 0 0 0 0 0 0 0
5 9 70.0 Greg Bugbee 41.5021 -73.45232 8/29/2012 5.30 Silt 0 0 0 0 0 0 0 0 ft) 0 0
5 10 80.0 Greg Bugbee 41.5021 -73.45249 8/29/2012 5.00 Silt 0 0 0 0 0 0 0 0 0 0 0
6 1 05 Greg Bugbee 415139 -73 45335 8/29/2012 020 Muck 0 0 0 0 2 0 0 0 0 0 0
6 2 50 Greg Bugbee 415139 -73 45336 8/29/2012 050 Muck 0 0 0 0 5 0 0 0 0 0 0
6 3 100 Greg Bugbee 41514 -73 45338 8/29/2012 120 Muck 0 0 0 0 5 0 0 0 0 0 (0)
6 4 200 Greg Bugbee 415141 -7345338 8/29/2012 180 Sand 0 0 0 0 5 0 0 0 0 0 0
6 5 300 Greg Bugbee 415141 -73 45341 8/29/2012 200 Silt 0 0 0 0 4 0 0 0 0 0 0
6 6 400 Greg Bugbee 415142 -73 45342 8/29/2012 200 Silt 0 0 0 0 4 0 0 0 0 0 0
6 7 500 Greg Bugbee 415143 -734534 8/29/2012 200 Sand 0 0 0 0 3 0 0 0 0 0 0
6 8 00 Greg Bugbee 415144 -73 45351 8/29/2012 200 Silt 0 0 0 0 2 0 0 0 0 0 0
6 9 700 Greg Bugbee 415145 -734534 8/29/2012 300 Silt 0 0 0 0 0 0 0 0 0 0 0
6 10 800 Greg Bugbee 415146 -7345346 8/29/2012 5.00 Silt 0 0 0 0 0 0 0 0 0 0 0
7 1 05 Greg Bugbee 41.5715 -73.44279 8/29/2012 0.20 Sand 0 0 0 0 2 0 0 0 0 0 0
7 2 5.0 Greg Bugbee 41.5715 -73.44285 8/29/2012 1.00 Sand 0 0 0 0 5 0 0 0 0 0 0

Transect Point Shore (M) — Surveyor Latitude Longitude Date (M) Substrate Notes CerDem ElaSp EleSp LemMin MyrSpi NajtMin NymOdo PotFol PotPer StuPec ValAme
4 2 50 Greg Bugbee 415711 -7348837 8/29/2012 100 Muck 0 ) 0 0 2 0 0 0 0 0 0
4 3 100 Greg Bugbee 415711 -73.4884 8/29/2012 080 Muck 0 ) 0 0 0 0 0 0 0 0 0
4 4 200 Greg Bugbee 41571 -73.48842 8/29/2012 150 Muck 0 0 0 0 2 0 2 0 0 0 0
4 5 300 Greg Bugbee 41571 -7348846 8/29/2012 160 Muck 0 0 ) 0 3 0 0 0 0 0 0
4 6 400 Greg Bugbee 415708 -7348854 8/29/2012 2.00 Silt 0 ) 0 0 3 0 0 0 0 0 0
4 7 500 Greg Bugbee 415708 -7348862 8/29/2012 2.00 Silt 0 ) 0 0 3 0 0 0 0 0 0
4 8 600 Greg Bugbee 415707 -73.4887 8/29/2012 2.00 Silt 2 ) 0 0 3 0 0 0 0 0 0
4 s) 70.0 Greg Bugbee 415706 -73.48872 8/29/2012 2.50 Silt 0 3 0 0 2 0 0 0 0 0 0
4 10 800 Greg Bugbee 415705 -7348869 8/29/2012 2.50 Silt 0 0 0 0 0 0 0 0 0 0 0
5 1 05 Greg Bugbee 41.5022 -73.45151 8/29/2012 020 Sand 0 0 0 0 1 0 0 0 0 0 0
5 2 5.0 Greg Bugbee 41.5022 -73.45158 8/29/2012 1.00 Sand 0 0 0 0 3 2 0 0 0 0 0
5 3 10.0 Greg Bugbee 41.5022 -73.45164 8/29/2012 150 Sand 2 0 0 0 4 0 0 0 0 0 0
5 4 20.0 Greg Bugbee 415022 -73.45176 8/29/2012 2.00 Silt 0 0 0 0 4 0 0 0 0 0 0
5 5 30.0 Greg Bugbee 41.5022 -73.45187 8/29/2012 2.00 Silt 0 0 0 0 4 0 0 0 0 0 0
5 6 40.0 Greg Bugbee 41.5022 -73.45202 8/29/2012 2.80 Silt 0 0 0 0 4 0 0 0 0 0 0
5 7 50.0 Greg Bugbee 41.5022 -73.45212 8/29/2012 4.00 Silt 2 0 0 0 0 0 0 0 0 0 0
5 8 60.0 Greg Bugbee 41.5022 -73.45227 8/29/2012 5.00 Silt 0 0 0 0 0 0 0 0 0 0 0
5 9 70.0 Greg Bugbee 41.5021 -73.45232 8/29/2012 5.30 Silt 0 0 0 0 0 0 0 0 0 0 0
5 10 80.0 Greg Bugbee 41.5021 -73.45249 8/29/2012 5.00 Silt 0 0 0 0 0 0 0 0 0 0 0
6 | 05 Greg Bugbee 415139 -7345335 8/29/2012 020 Muck 0 0 ) 0 2 0 0 0) 0 0 0
6 2 50 Greg Bugbee 415139 -7346336 8/29/2012 050 Muck 0) ) 0 0 5 0 0 0 0 0 0
6 3 100 Greg Bugbee 41514 -7345338 8/29/2012 120 Muck 0 0 0 0 5 0 0 0 0 0 0
6 4 200 Greg Bugbee 415141 -7345338 8/29/2012 180 Sand 0 0 0 0 5 0 0 0 0 0 0
6 a 300 Greg Bugbee 415141 -7345341 8/29/2012 2.00 Silt 0 0 0 0 4 0 0 0 0 0 0
6 6 400 Greg Bugbee 415142 -7345342 8/29/2012 200 Silt 0 ) 0 0 4 0 0 0) 0 0 0
6 7 500 Greg Bugbee 415143 -734534 8/29/2012 200 Sand 0 0 0 0 3 0 0 0 0 0 0
6 8 00 Greg Bugbee 415144 -73. 45351 8/29/2012 200 Silt 0 ) 0 0 2 0 0 0 0 0 0
6 ) 700 Greg Bugbee 415145 -73.4534 8/29/2012 3.00 Silt 0 ) 0 0 0 0 0 0 0 0 0
6 10 800 Greg Bugbee 415146 -73.45346 8/29/2012 5.00 Silt 0 ) 0 0 0 0 0 0 0 0 0
7 1 05 Greg Bugbee 415715 -73.44279 8/29/2012 020 Sand 0 0 0 0 2 0 0 0 0 0 0
7 2 5.0 Greg Bugbee 41.5715 -73.44285 8/29/2012 1.00 Sand 0 0 0 0 5 0 0 0 0 0 0

Transect Point Shore (M) — Surveyor Latitude Longitude Date (M) Substrate Notes CerDem ElaSp EleSp LemMin MyrSpi NajtMin NymOdo PotFol PotPer StuPec ValAme
4 2 50 Greg Bugbee 415711 -7348837 8/29/2012 100 Muck 0 ) 0 0 2 0 0 0 0 0 0
4 3 100 Greg Bugbee 415711 -73.4884 8/29/2012 080 Muck 0 ) 0 0 0 0 0 0 0 0 0
4 4 200 Greg Bugbee 41571 -73.48842 8/29/2012 150 Muck 0 0 0 0 2 0 2 0 0 0 0
4 5 300 Greg Bugbee 41571 -7348846 8/29/2012 160 Muck 0 0 ) 0 3 0 0 0 0 0 0
4 6 400 Greg Bugbee 415708 -7348854 8/29/2012 2.00 Silt 0 ) 0 0 3 0 0 0 0 0 0
4 7 500 Greg Bugbee 415708 -7348862 8/29/2012 2.00 Silt 0 ) 0 0 3 0 0 0 0 0 0
4 8 600 Greg Bugbee 415707 -73.4887 8/29/2012 2.00 Silt 2 ) 0 0 3 0 0 0 0 0 0
4 s) 70.0 Greg Bugbee 415706 -73.48872 8/29/2012 2.50 Silt 0 3 0 0 2 0 0 0 0 0 0
4 10 800 Greg Bugbee 415705 -7348869 8/29/2012 2.50 Silt 0 0 0 0 0 0 0 0 0 0 0
5 1 05 Greg Bugbee 41.5022 -73.45151 8/29/2012 020 Sand 0 0 0 0 1 0 0 0 0 0 0
5 2 5.0 Greg Bugbee 41.5022 -73.45158 8/29/2012 1.00 Sand 0 0 0 0 3 2 0 0 0 0 0
5 3 10.0 Greg Bugbee 41.5022 -73.45164 8/29/2012 150 Sand 2 0 0 0 4 0 0 0 0 0 0
5 4 20.0 Greg Bugbee 415022 -73.45176 8/29/2012 2.00 Silt 0 0 0 0 4 0 0 0 0 0 0
5 5 30.0 Greg Bugbee 41.5022 -73.45187 8/29/2012 2.00 Silt 0 0 0 0 4 0 0 0 0 0 0
5 6 40.0 Greg Bugbee 41.5022 -73.45202 8/29/2012 2.80 Silt 0 0 0 0 4 0 0 0 0 0 0
5 7 50.0 Greg Bugbee 41.5022 -73.45212 8/29/2012 4.00 Silt 2 0 0 0 0 0 0 0 0 0 0
5 8 60.0 Greg Bugbee 41.5022 -73.45227 8/29/2012 5.00 Silt 0 0 0 0 0 0 0 0 0 0 0
5 9 70.0 Greg Bugbee 41.5021 -73.45232 8/29/2012 5.30 Silt 0 0 0 0 0 0 0 0 0 0 0
5 10 80.0 Greg Bugbee 41.5021 -73.45249 8/29/2012 5.00 Silt 0 0 0 0 0 0 0 0 0 0 0
6 | 05 Greg Bugbee 415139 -7345335 8/29/2012 020 Muck 0 0 ) 0 2 0 0 0) 0 0 0
6 2 50 Greg Bugbee 415139 -7346336 8/29/2012 050 Muck 0) ) 0 0 5 0 0 0 0 0 0
6 3 100 Greg Bugbee 41514 -7345338 8/29/2012 120 Muck 0 0 0 0 5 0 0 0 0 0 0
6 4 200 Greg Bugbee 415141 -7345338 8/29/2012 180 Sand 0 0 0 0 5 0 0 0 0 0 0
6 a 300 Greg Bugbee 415141 -7345341 8/29/2012 2.00 Silt 0 0 0 0 4 0 0 0 0 0 0
6 6 400 Greg Bugbee 415142 -7345342 8/29/2012 200 Silt 0 ) 0 0 4 0 0 0) 0 0 0
6 7 500 Greg Bugbee 415143 -734534 8/29/2012 200 Sand 0 0 0 0 3 0 0 0 0 0 0
6 8 00 Greg Bugbee 415144 -73. 45351 8/29/2012 200 Silt 0 ) 0 0 2 0 0 0 0 0 0
6 ) 700 Greg Bugbee 415145 -73.4534 8/29/2012 3.00 Silt 0 ) 0 0 0 0 0 0 0 0 0
6 10 800 Greg Bugbee 415146 -73.45346 8/29/2012 5.00 Silt 0 ) 0 0 0 0 0 0 0 0 0
7 1 05 Greg Bugbee 415715 -73.44279 8/29/2012 020 Sand 0 0 0 0 2 0 0 0 0 0 0
7 2 5.0 Greg Bugbee 41.5715 -73.44285 8/29/2012 1.00 Sand 0 0 0 0 5 0 0 0 0 0 0

Transect Point Shore (M) — Surveyor Latitude Longitude Date (M) Substrate Notes CerDem ElaSp EleSp LemMin MyrSpi NajtMin NymOdo PotFol PotPer StuPec ValAme
4 2 50 Greg Bugbee 415711 -7348837 8/29/2012 100 Muck 0 ) 0 0 2 0 0 0 0 0 0
4 3 100 Greg Bugbee 415711 -73.4884 8/29/2012 080 Muck 0 ) 0 0 0 0 0 0 0 0 0
4 4 200 Greg Bugbee 41571 -73.48842 8/29/2012 150 Muck 0 0 0 0 2 0 2 0 0 0 0
4 5 300 Greg Bugbee 41571 -7348846 8/29/2012 160 Muck 0 0 ) 0 3 0 0 0 0 0 0
4 6 400 Greg Bugbee 415708 -7348854 8/29/2012 2.00 Silt 0 ) 0 0 3 0 0 0 0 0 0
4 7 500 Greg Bugbee 415708 -7348862 8/29/2012 2.00 Silt 0 ) 0 0 3 0 0 0 0 0 0
4 8 600 Greg Bugbee 415707 -73.4887 8/29/2012 2.00 Silt 2 ) 0 0 3 0 0 0 0 0 0
4 s) 70.0 Greg Bugbee 415706 -73.48872 8/29/2012 2.50 Silt 0 3 0 0 2 0 0 0 0 0 0
4 10 800 Greg Bugbee 415705 -7348869 8/29/2012 2.50 Silt 0 0 0 0 0 0 0 0 0 0 0
5 1 05 Greg Bugbee 41.5022 -73.45151 8/29/2012 020 Sand 0 0 0 0 1 0 0 0 0 0 0
5 2 5.0 Greg Bugbee 41.5022 -73.45158 8/29/2012 1.00 Sand 0 0 0 0 3 2 0 0 0 0 0
5 3 10.0 Greg Bugbee 41.5022 -73.45164 8/29/2012 150 Sand 2 0 0 0 4 0 0 0 0 0 0
5 4 20.0 Greg Bugbee 415022 -73.45176 8/29/2012 2.00 Silt 0 0 0 0 4 0 0 0 0 0 0
5 5 30.0 Greg Bugbee 41.5022 -73.45187 8/29/2012 2.00 Silt 0 0 0 0 4 0 0 0 0 0 0
5 6 40.0 Greg Bugbee 41.5022 -73.45202 8/29/2012 2.80 Silt 0 0 0 0 4 0 0 0 0 0 0
5 7 50.0 Greg Bugbee 41.5022 -73.45212 8/29/2012 4.00 Silt 2 0 0 0 0 0 0 0 0 0 0
5 8 60.0 Greg Bugbee 41.5022 -73.45227 8/29/2012 5.00 Silt 0 0 0 0 0 0 0 0 0 0 0
5 9 70.0 Greg Bugbee 41.5021 -73.45232 8/29/2012 5.30 Silt 0 0 0 0 0 0 0 0 0 0 0
5 10 80.0 Greg Bugbee 41.5021 -73.45249 8/29/2012 5.00 Silt 0 0 0 0 0 0 0 0 0 0 0
6 | 05 Greg Bugbee 415139 -7345335 8/29/2012 020 Muck 0 0 ) 0 2 0 0 0) 0 0 0
6 2 50 Greg Bugbee 415139 -7346336 8/29/2012 050 Muck 0) ) 0 0 5 0 0 0 0 0 0
6 3 100 Greg Bugbee 41514 -7345338 8/29/2012 120 Muck 0 0 0 0 5 0 0 0 0 0 0
6 4 200 Greg Bugbee 415141 -7345338 8/29/2012 180 Sand 0 0 0 0 5 0 0 0 0 0 0
6 a 300 Greg Bugbee 415141 -7345341 8/29/2012 2.00 Silt 0 0 0 0 4 0 0 0 0 0 0
6 6 400 Greg Bugbee 415142 -7345342 8/29/2012 200 Silt 0 ) 0 0 4 0 0 0) 0 0 0
6 7 500 Greg Bugbee 415143 -734534 8/29/2012 200 Sand 0 0 0 0 3 0 0 0 0 0 0
6 8 00 Greg Bugbee 415144 -73. 45351 8/29/2012 200 Silt 0 ) 0 0 2 0 0 0 0 0 0
6 ) 700 Greg Bugbee 415145 -73.4534 8/29/2012 3.00 Silt 0 ) 0 0 0 0 0 0 0 0 0
6 10 800 Greg Bugbee 415146 -73.45346 8/29/2012 5.00 Silt 0 ) 0 0 0 0 0 0 0 0 0
7 1 05 Greg Bugbee 415715 -73.44279 8/29/2012 020 Sand 0 0 0 0 2 0 0 0 0 0 0
7 2 5.0 Greg Bugbee 41.5715 -73.44285 8/29/2012 1.00 Sand 0 0 0 0 5 0 0 0 0 0 0

