Transect Point Shore (mM) = Surveyor Latitude Longitude Date (M) Substrate Notes CerDem ElaSp EleSp LemMin MyrSpi NajMin NymOdo PotFol PotPer StuPec ValAme
1 1 1.0 Greg Bugbee 41.4238 -73.45255 8/30/2012 0.10 Sand 0 0 0 0 3 0 0 0 0 0 0
1 2 5.0 Greg Bugbee 41.4239 -73.45257 8/30/2012 040 Muck 2 0 0 0 4 0 0 0 0 0 0
1 3 10.0 Greg Bugbee 41.4239 -73.45259 8/30/2012 0.80 Muck 2 0 0 0 4 0 0 0 0 0 0
1 4 20.0 Greg Bugbee 41.424 -73.45263 8/30/2012 1.00 Muck 2 0 0 0 4 0 0 0 0 0 0
1 5 30.0 Greg Bugbee 41.4241 -73.45266 8/30/2012 1.30 Muck 2 0 0 0 5 0 0 0 0 0 0
1 6 40.0 Greg Bugbee 41.4242 -73.4527 8/30/2012 1.60 Muck 3 0 0 0 4 0 0 0 0 0 0
1 7 50.0 Greg Bugbee 41.4243 -73.45272 8/30/2012 2.00 Muck 3 0 0 0 4 0 0 0 0 0 0
1 8 60.0 Greg Bugbee 41.4244 -73.45277 8/30/2012 2.00 Muck 2 0 0 0 4 2 0 0 0 0 0
1 9 70.0 Greg Bugbee 41.4245 -73.45284 8/30/2012 1.60 | Muck 2 0 0 0 4 2 0 0 0 0 0
1 10 80.0 Greg Bugbee 41.4245 -73.45288 8/30/2012 1.50 Muck 2 0 0 0 5 2 0 0 0 0 0
2 1 0.5 Greg Bugbee 41.4276 -73.44931 8/30/2012 0.10 Sand 0 0 0 0 3 0 0 0 0 0 0
2 2 5.0 Greg Bugbee 41.4276 -73.44938 8/30/2012 1.80 Sand 2 0 0 0 4 ) 0 0 0 0 0
2 3 10.0 Greg Bugbee 41.4276 -73.44942 8/30/2012 2.50 Sand 0 0 0 0 5 0 0 0 0 0 0
2 4 20.0 Greg Bugbee 41.4275 -73.44949 8/30/2012 3.00 Sand 2 0 0 0 4 0 0 0 0 0 0
2 5 30.0 Greg Bugbee 41.4275 -73.44958 8/30/2012 3.00 Silt 2 0 0 0 5 0 0 0 0 0 0
2 6 40.0 Greg Bugbee 41.4274 -73.44971 8/30/2012 1.50 Gravel 0 0 0 0 2 0 0 0 0 0 0
2 7 50.0 Greg Bugbee 41.4273 -73.4498 8/30/2012 1.60 Gravel 0 0 0 0 2 0 0 0 0 0 0
2 8 60.0 Greg Bugbee 41.4273 -73.4499 8/30/2012 2.50 Gravel 2 0 0 0 4 0 0 0 0 0 0
2 9 70.0 Greg Bugbee 41.4272 -73.44995 8/30/2012 3.00 Silt 0 0 0 0 4 0 0 0 0 0 0
2 10 80.0 Greg Bugbee 41.4272 -73.45003 8/30/2012 3.00 Silt 0 0 0 0 4 0 0 0 0 0 0
3 1 0.5 Greg Bugbee 41.4703 -73.43529 8/30/2012 0.20 Gravel 0 2 2 0 2 0 0 0 0 2 0
3 2 5.0 Greg Bugbee 41.4703 -73.43523 8/30/2012 1.00 Sand 0 0 0 0 0 2 0 0 0 2 0
3 3 10.0 Greg Bugbee 41.4703 -73.43517 8/30/2012 2.00 Silt 0 0 0 0 4 0 0 0 0 0 0
3 4 20.0 Greg Bugbee 41.4703 -73.43502 8/30/2012 4.20 Silt 0 0 0 0 0 0 0 0 0 0 0
3 5 30.0 Greg Bugbee 41.4703 -73.43492 8/30/2012 8.00 Silt 0 0 0 0 0 0 0 0 0 0 0
3 6 40.0 Greg Bugbee 41.4703 -73.43479 8/30/2012 8.80 Silt 0 0 0 0 0 0 0 0 0 0 0
3 7 50.0 Greg Bugbee 41.4703 -73.43467 8/30/2012 8.80 Silt 0 0 0 0 0 0 0 0 0 0 0
3 8 60.0 Greg Bugbee 41.4703 -73.43458 8/30/2012 8.80 Silt 0 0 0 0 0 0 0 0 0 0 0
3 9 70.0 Greg Bugbee 41.4703 -73.43443 8/30/2012 9.00 Silt 0 0 0 0 0 0 0 0 0 0 0
3 10 80.0 Greg Bugbee 41.4703 -73.43432 8/30/2012 9.00 Silt 0 0 0 0 0 0 0 0 0 0 0
4 1 0.5 Greg Bugbee 41.5712 -73.48836 8/29/2012 0.20 Muck 0 0 0 0 2 0 0 0 0 0 0

Transect Point Shore (M) = Surveyor Latitude Longitude Date (M) Substrate Notes CerDem ElaSp EleSp LemMin MyrSpi NajMin NymOdo PotFol PotPer StuPec ValAme
1 1 1.0 Greg Bugbee 41.4238 -73.45255 8/30/2012 0.10 Sand 0 0 0 0 3 0 0 0 0 0 0
1 2 5.0 Greg Bugbee 41.4239 -73.45257 8/30/2012 0.40 Muck 2 0 0 0 4 0 0 0 0 0 0
1 3 10.0 Greg Bugbee 41.4239 -73.45259 8/30/2012 0.80 Muck 2 0 0 0 4 0 0 0 0 0 0
1 4 20.0 GregBugbee 41.424 -73.45263 8/30/2012 1.00 Muck 2 0 0 0 4 0 0 0 0 0 0
1 5 30.0 Greg Bugbee 41.4241 -73.45266 8/30/2012 1.30 Muck 2 0 0 0 5 0 0 0 0 0 0
1 6 40.0 Greg Bugbee 41.4242 -73.4527 8/30/2012 1.60 Muck 3 0 0 0 4 0 0 0 0 0 0
1 7 50.0 Greg Bugbee 41.4243 -73.45272 8/30/2012 2.00 Muck 3 0 0 0 4 0 0 0 0 0 0
1 8 60.0 Greg Bugbee 41.4244 -73.45277 8/30/2012 2.00 Muck 2 0 0 0 4 2 0 0 0 0 0
1 9 70.00 Greg Bugbee 41.4245 -73.45284 8/30/2012 1.60 Muck 2 0 0 0 4 2 0 0 0 0 0
1 10 80.0 Greg Bugbee 41.4245 -73.45288 8/30/2012 1.50 Muck 2 0 0 0 5 2 0 0 0 0 0
2 1 0.5 Greg Bugbee 41.4276 -73.44931 8/30/2012 0.10 Sand 0 0 0 0 3 0 0 0 0 0 0
2 2 5.0 Greg Bugbee 41.4276 -73.44938 8/30/2012 180 Sand 2 0 0 0 4 0 0 0 0 0 0
2 3 10.0 Greg Bugbee 41.4276 -73.44942 8/30/2012 250 Sand 0 0 0 0 5 0 0 0 0 0 0
2 4 20.0 Greg Bugbee 41.4275 -73.44949 8/30/2012 3.00 Sand 2 0 0 0 4 0 0 0 0 0 0
2 5 30.0 Greg Bugbee 41.4275 -73.44958 8/30/2012 3.00 Silt 2 0 0 0 5 0 0 0 0 0 0
2 6 40.0 Greg Bugbee 41.4274 -73.44971 8/30/2012 1.50 Gravel 0 0 0 0 2 0 0 0 0 0 0
2 7 50.0 Greg Bugbee 41.4273 -73.4498 8/30/2012 1.60 Gravel 0 0 0 0 2 0 0 0 0 0 0
2 8 60.0 Greg Bugbee 41.4273 -73.4499 8/30/2012 2.50 Gravel 2 0 0 0 4 0 0 0 0 0 0
2 9 70.0 Greg Bugbee 41.4272 -73.44995 8/30/2012 3.00 Silt 0 0 0 0 4 0 0 0 0 0 0
2 10 80.0 Greg Bugbee 41.4272 -73.45003 8/30/2012 3.00 Silt 0 0 0 0 4 0 0 0 0 0 0
3 1 0.5 Greg Bugbee 41.4703 -73.43529 8/30/2012 0.20 Gravel 0 2 2 0 2 0 0 0 0 2 0
3 2 5.0 Greg Bugbee 41.4703 -73.43523 8/30/2012 1.00 Sand 0 0 0 0 0 2 0 0 0 2 0
3 3 10.0 Greg Bugbee 41.4703 -73.43517 8/30/2012 2.00 Silt 0 0 0 0 4 0 0 0 0 0 0
3 4 20.0 Greg Bugbee 41.4703 -73.43502 8/30/2012 4.20 Silt 0 0 0 0 0 0 0 0 0 0 0
3 5 30.0 Greg Bugbee 41.4703 -73.43492 8/30/2012 8.00 Silt 0 0 0 0 0 0 0 0 0 0 0
3 6 40.0 Greg Bugbee 41.4703 -73.43479 8/30/2012 8.80 Silt 0 0 0 0 0 0 0 0 0 0 0
3 7 50.0 Greg Bugbee 41.4703 -73.43467 8/30/2012 8.80 Silt 0 0 0 0 0 0 0 0 0 0 0
3 8 60.0 Greg Bugbee 41.4703 -73.43458 8/30/2012 8.80 Silt 0 0 0 0 0 0 0 0 0 0 0
3 9 70.0 Greg Bugbee 41.4703 -73.43443 8/30/2012 9.00 Silt 0 0 0 0 0 0 0 0 0 0 0
3 10 80.0 Greg Bugbee 41.4703 -73.43432 8/30/2012 9.00 Silt 0 0 0 0 0 0 0 0 0 0 0
4 1 0.5 Greg Bugbee 41.5712 -73.48836 8/29/2012 0.20 Muck 0 0 0 0 2 0 0 0 0 0 0

Transect Point Shore (mM) = Surveyor Latitude Longitude Date (M) Substrate Notes CerDem ElaSp EleSp LemMin MyrSpi NajMin NymOdo PotFol PotPer StuPec ValAme
1 1 1.0 Greg Bugbee 41.4238 -73.45255 8/30/2012 0.10 Sand 0 0 0 0 3 0 0 0 0 0 0
1 2 5.0 Greg Bugbee 41.4239 -73.45257 8/30/2012 040 Muck 2 0 0 0 4 0 0 0 0 0 0
1 3 10.0 Greg Bugbee 41.4239 -73.45259 8/30/2012 0.80 Muck 2 0 0 0 4 0 0 0 0 0 0
1 4 20.0 Greg Bugbee 41.424 -73.45263 8/30/2012 1.00 Muck 2 0 0 0 4 0 0 0 0 0 0
1 5 30.0 Greg Bugbee 41.4241 -73.45266 8/30/2012 1.30 Muck 2 0 0 0 5 0 0 0 0 0 0
1 6 40.0 Greg Bugbee 41.4242 -73.4527 8/30/2012 1.60 Muck 3 0 0 0 4 0 0 0 0 0 0
1 7 50.0 Greg Bugbee 41.4243 -73.45272 8/30/2012 2.00 Muck 3 0 0 0 4 0 0 0 0 0 0
1 8 60.0 Greg Bugbee 41.4244 -73.45277 8/30/2012 2.00 Muck 2 0 0 0 4 2 0 0 0 0 0
1 9 70.0 Greg Bugbee 41.4245 -73.45284 8/30/2012 1.60 | Muck 2 0 0 0 4 2 0 0 0 0 0
1 10 80.0 Greg Bugbee 41.4245 -73.45288 8/30/2012 1.50 Muck 2 0 0 0 5 2 0 0 0 0 0
2 1 0.5 Greg Bugbee 41.4276 -73.44931 8/30/2012 0.10 Sand 0 0 0 0 3 0 0 0 0 0 0
2 2 5.0 Greg Bugbee 41.4276 -73.44938 8/30/2012 1.80 Sand 2 0 0 0 4 ) 0 0 0 0 0
2 3 10.0 Greg Bugbee 41.4276 -73.44942 8/30/2012 2.50 Sand 0 0 0 0 5 0 0 0 0 0 0
2 4 20.0 Greg Bugbee 41.4275 -73.44949 8/30/2012 3.00 Sand 2 0 0 0 4 0 0 0 0 0 0
2 5 30.0 Greg Bugbee 41.4275 -73.44958 8/30/2012 3.00 Silt 2 0 0 0 5 0 0 0 0 0 0
2 6 40.0 Greg Bugbee 41.4274 -73.44971 8/30/2012 1.50 Gravel 0 0 0 0 2 0 0 0 0 0 0
2 7 50.0 Greg Bugbee 41.4273 -73.4498 8/30/2012 1.60 Gravel 0 0 0 0 2 0 0 0 0 0 0
2 8 60.0 Greg Bugbee 41.4273 -73.4499 8/30/2012 2.50 Gravel 2 0 0 0 4 0 0 0 0 0 0
2 9 70.0 Greg Bugbee 41.4272 -73.44995 8/30/2012 3.00 Silt 0 0 0 0 4 0 0 0 0 0 0
2 10 80.0 Greg Bugbee 41.4272 -73.45003 8/30/2012 3.00 Silt 0 0 0 0 4 0 0 0 0 0 0
3 1 0.5 Greg Bugbee 41.4703 -73.43529 8/30/2012 0.20 Gravel 0 2 2 0 2 0 0 0 0 2 0
3 2 5.0 Greg Bugbee 41.4703 -73.43523 8/30/2012 1.00 Sand 0 0 0 0 0 2 0 0 0 2 0
3 3 10.0 Greg Bugbee 41.4703 -73.43517 8/30/2012 2.00 Silt 0 0 0 0 4 0 0 0 0 0 0
3 4 20.0 Greg Bugbee 41.4703 -73.43502 8/30/2012 4.20 Silt 0 0 0 0 0 0 0 0 0 0 0
3 5 30.0 Greg Bugbee 41.4703 -73.43492 8/30/2012 8.00 Silt 0 0 0 0 0 0 0 0 0 0 0
3 6 40.0 Greg Bugbee 41.4703 -73.43479 8/30/2012 8.80 Silt 0 0 0 0 0 0 0 0 0 0 0
3 7 50.0 Greg Bugbee 41.4703 -73.43467 8/30/2012 8.80 Silt 0 0 0 0 0 0 0 0 0 0 0
3 8 60.0 Greg Bugbee 41.4703 -73.43458 8/30/2012 8.80 Silt 0 0 0 0 0 0 0 0 0 0 0
3 9 70.0 Greg Bugbee 41.4703 -73.43443 8/30/2012 9.00 Silt 0 0 0 0 0 0 0 0 0 0 0
3 10 80.0 Greg Bugbee 41.4703 -73.43432 8/30/2012 9.00 Silt 0 0 0 0 0 0 0 0 0 0 0
4 1 0.5 Greg Bugbee 41.5712 -73.48836 8/29/2012 0.20 Muck 0 0 0 0 2 0 0 0 0 0 0

Transect Point Shore (mM) = Surveyor Latitude Longitude Date (M) Substrate Notes CerDem ElaSp EleSp LemMin MyrSpi NajMin NymOdo PotFol PotPer StuPec ValAme
1 1 1.0 Greg Bugbee 41.4238 -73.45255 8/30/2012 0.10 Sand 0 0 0 0 3 0 0 0 0 0 0
1 2 5.0 Greg Bugbee 41.4239 -73.45257 8/30/2012 040 Muck 2 0 0 0 4 0 0 0 0 0 0
1 3 10.0 Greg Bugbee 41.4239 -73.45259 8/30/2012 0.80 Muck 2 0 0 0 4 0 0 0 0 0 0
1 4 20.0 Greg Bugbee 41.424 -73.45263 8/30/2012 1.00 Muck 2 0 0 0 4 0 0 0 0 0 0
1 5 30.0 Greg Bugbee 41.4241 -73.45266 8/30/2012 1.30 Muck 2 0 0 0 5 0 0 0 0 0 0
1 6 40.0 Greg Bugbee 41.4242 -73.4527 8/30/2012 1.60 Muck 3 0 0 0 4 0 0 0 0 0 0
1 7 50.0 Greg Bugbee 41.4243 -73.45272 8/30/2012 2.00 Muck 3 0 0 0 4 0 0 0 0 0 0
1 8 60.0 Greg Bugbee 41.4244 -73.45277 8/30/2012 2.00 Muck 2 0 0 0 4 2 0 0 0 0 0
1 9 70.0 Greg Bugbee 41.4245 -73.45284 8/30/2012 1.60 | Muck 2 0 0 0 4 2 0 0 0 0 0
1 10 80.0 Greg Bugbee 41.4245 -73.45288 8/30/2012 1.50 Muck 2 0 0 0 5 2 0 0 0 0 0
2 1 0.5 Greg Bugbee 41.4276 -73.44931 8/30/2012 0.10 Sand 0 0 0 0 3 0 0 0 0 0 0
2 2 5.0 Greg Bugbee 41.4276 -73.44938 8/30/2012 1.80 Sand 2 0 0 0 4 ) 0 0 0 0 0
2 3 10.0 Greg Bugbee 41.4276 -73.44942 8/30/2012 2.50 Sand 0 0 0 0 5 0 0 0 0 0 0
2 4 20.0 Greg Bugbee 41.4275 -73.44949 8/30/2012 3.00 Sand 2 0 0 0 4 0 0 0 0 0 0
2 5 30.0 Greg Bugbee 41.4275 -73.44958 8/30/2012 3.00 Silt 2 0 0 0 5 0 0 0 0 0 0
2 6 40.0 Greg Bugbee 41.4274 -73.44971 8/30/2012 1.50 Gravel 0 0 0 0 2 0 0 0 0 0 0
2 7 50.0 Greg Bugbee 41.4273 -73.4498 8/30/2012 1.60 Gravel 0 0 0 0 2 0 0 0 0 0 0
2 8 60.0 Greg Bugbee 41.4273 -73.4499 8/30/2012 2.50 Gravel 2 0 0 0 4 0 0 0 0 0 0
2 9 70.0 Greg Bugbee 41.4272 -73.44995 8/30/2012 3.00 Silt 0 0 0 0 4 0 0 0 0 0 0
2 10 80.0 Greg Bugbee 41.4272 -73.45003 8/30/2012 3.00 Silt 0 0 0 0 4 0 0 0 0 0 0
3 1 0.5 Greg Bugbee 41.4703 -73.43529 8/30/2012 0.20 Gravel 0 2 2 0 2 0 0 0 0 2 0
3 2 5.0 Greg Bugbee 41.4703 -73.43523 8/30/2012 1.00 Sand 0 0 0 0 0 2 0 0 0 2 0
3 3 10.0 Greg Bugbee 41.4703 -73.43517 8/30/2012 2.00 Silt 0 0 0 0 4 0 0 0 0 0 0
3 4 20.0 Greg Bugbee 41.4703 -73.43502 8/30/2012 4.20 Silt 0 0 0 0 0 0 0 0 0 0 0
3 5 30.0 Greg Bugbee 41.4703 -73.43492 8/30/2012 8.00 Silt 0 0 0 0 0 0 0 0 0 0 0
3 6 40.0 Greg Bugbee 41.4703 -73.43479 8/30/2012 8.80 Silt 0 0 0 0 0 0 0 0 0 0 0
3 7 50.0 Greg Bugbee 41.4703 -73.43467 8/30/2012 8.80 Silt 0 0 0 0 0 0 0 0 0 0 0
3 8 60.0 Greg Bugbee 41.4703 -73.43458 8/30/2012 8.80 Silt 0 0 0 0 0 0 0 0 0 0 0
3 9 70.0 Greg Bugbee 41.4703 -73.43443 8/30/2012 9.00 Silt 0 0 0 0 0 0 0 0 0 0 0
3 10 80.0 Greg Bugbee 41.4703 -73.43432 8/30/2012 9.00 Silt 0 0 0 0 0 0 0 0 0 0 0
4 1 0.5 Greg Bugbee 41.5712 -73.48836 8/29/2012 0.20 Muck 0 0 0 0 2 0 0 0 0 0 0

Transect Point Shore (mM) = Surveyor Latitude Longitude Date (M) Substrate Notes CerDem ElaSp EleSp LemMin MyrSpi NajMin NymOdo PotFol PotPer StuPec ValAme
1 1 1.0 Greg Bugbee 41.4238 -73.45255 8/30/2012 0.10 Sand 0 0 0 0 3 0 0 0 0 0 0
1 2 5.0 Greg Bugbee 41.4239 -73.45257 8/30/2012 040 Muck 2 0 0 0 4 0 0 0 0 0 0
1 3 10.0 Greg Bugbee 41.4239 -73.45259 8/30/2012 0.80 Muck 2 0 0 0 4 0 0 0 0 0 0
1 4 20.0 Greg Bugbee 41.424 -73.45263 8/30/2012 1.00 Muck 2 0 0 0 4 0 0 0 0 0 0
1 5 30.0 Greg Bugbee 41.4241 -73.45266 8/30/2012 1.30 Muck 2 0 0 0 5 0 0 0 0 0 0
1 6 40.0 Greg Bugbee 41.4242 -73.4527 8/30/2012 1.60 Muck 3 0 0 0 4 0 0 0 0 0 0
1 7 50.0 Greg Bugbee 41.4243 -73.45272 8/30/2012 2.00 Muck 3 0 0 0 4 0 0 0 0 0 0
1 8 60.0 Greg Bugbee 41.4244 -73.45277 8/30/2012 2.00 Muck 2 0 0 0 4 2 0 0 0 0 0
1 9 70.0 Greg Bugbee 41.4245 -73.45284 8/30/2012 1.60 | Muck 2 0 0 0 4 2 0 0 0 0 0
1 10 80.0 Greg Bugbee 41.4245 -73.45288 8/30/2012 1.50 Muck 2 0 0 0 5 2 0 0 0 0 0
2 1 0.5 Greg Bugbee 41.4276 -73.44931 8/30/2012 0.10 Sand 0 0 0 0 3 0 0 0 0 0 0
2 2 5.0 Greg Bugbee 41.4276 -73.44938 8/30/2012 1.80 Sand 2 0 0 0 4 ) 0 0 0 0 0
2 3 10.0 Greg Bugbee 41.4276 -73.44942 8/30/2012 2.50 Sand 0 0 0 0 5 0 0 0 0 0 0
2 4 20.0 Greg Bugbee 41.4275 -73.44949 8/30/2012 3.00 Sand 2 0 0 0 4 0 0 0 0 0 0
2 5 30.0 Greg Bugbee 41.4275 -73.44958 8/30/2012 3.00 Silt 2 0 0 0 5 0 0 0 0 0 0
2 6 40.0 Greg Bugbee 41.4274 -73.44971 8/30/2012 1.50 Gravel 0 0 0 0 2 0 0 0 0 0 0
2 7 50.0 Greg Bugbee 41.4273 -73.4498 8/30/2012 1.60 Gravel 0 0 0 0 2 0 0 0 0 0 0
2 8 60.0 Greg Bugbee 41.4273 -73.4499 8/30/2012 2.50 Gravel 2 0 0 0 4 0 0 0 0 0 0
2 9 70.0 Greg Bugbee 41.4272 -73.44995 8/30/2012 3.00 Silt 0 0 0 0 4 0 0 0 0 0 0
2 10 80.0 Greg Bugbee 41.4272 -73.45003 8/30/2012 3.00 Silt 0 0 0 0 4 0 0 0 0 0 0
3 1 0.5 Greg Bugbee 41.4703 -73.43529 8/30/2012 0.20 Gravel 0 2 2 0 2 0 0 0 0 2 0
3 2 5.0 Greg Bugbee 41.4703 -73.43523 8/30/2012 1.00 Sand 0 0 0 0 0 2 0 0 0 2 0
3 3 10.0 Greg Bugbee 41.4703 -73.43517 8/30/2012 2.00 Silt 0 0 0 0 4 0 0 0 0 0 0
3 4 20.0 Greg Bugbee 41.4703 -73.43502 8/30/2012 4.20 Silt 0 0 0 0 0 0 0 0 0 0 0
3 5 30.0 Greg Bugbee 41.4703 -73.43492 8/30/2012 8.00 Silt 0 0 0 0 0 0 0 0 0 0 0
3 6 40.0 Greg Bugbee 41.4703 -73.43479 8/30/2012 8.80 Silt 0 0 0 0 0 0 0 0 0 0 0
3 7 50.0 Greg Bugbee 41.4703 -73.43467 8/30/2012 8.80 Silt 0 0 0 0 0 0 0 0 0 0 0
3 8 60.0 Greg Bugbee 41.4703 -73.43458 8/30/2012 8.80 Silt 0 0 0 0 0 0 0 0 0 0 0
3 9 70.0 Greg Bugbee 41.4703 -73.43443 8/30/2012 9.00 Silt 0 0 0 0 0 0 0 0 0 0 0
3 10 80.0 Greg Bugbee 41.4703 -73.43432 8/30/2012 9.00 Silt 0 0 0 0 0 0 0 0 0 0 0
4 1 0.5 Greg Bugbee 41.5712 -73.48836 8/29/2012 0.20 Muck 0 0 0 0 2 0 0 0 0 0 0

