Transect Point Shore (m) Surveyor Latitude Longitude Date (m) Substrate Notes CerDem MyrSpi NajMin NymOdo PotFol StuPec ValAme
7 3 10.0 Greg Bugbee 41.57148 -73.44285 8/20/2013 1.00 Gravel 0 2 0 0 0 0 0
7 4 20.0 Greg Bugbee 41.57145 -73.44298 8/20/2013 1.80 Sand 0 0 0 0 0 0 0
7 5 30.0 Greg Bugbee 41.57141 -73.44308 8/20/2013 2.60 Rock 0 2 0 0 0 0 0
7 6 40.0 Greg Bugbee 41.57141 -73.44321 8/20/2013 3.80 Silt 0 0 0 0 0 0 0
7 7 50.0 Greg Bugbee 41.57145 -73.44334 8/20/2013 5.00 Rock 0 0 0 0 0 0 0
7 8 60.0 Greg Bugbee 41.57141 -73.44346 8/20/2013 5.40 Sand 0 0 0 0 0 0 0
7 9 70.0 Greg Bugbee 41.57144 -73.44357 8/20/2013 5.90 Silt 0 0 0 0 0 0 0
7 10 80.0 Greg Bugbee 41.57138 -73.44372 8/20/2013 7.40 Silt 0 0 0 0 0 0 0
8 1 0.2 Greg Bugbee 41.51295 -73.44118 8/20/2013 0.20 Gravel 0 0 0 0 0 0 0
8 2 5.0 Greg Bugbee 41.51293 -73.44113 8/20/2013 1.00 Gravel 0 0 1 0 1 0 0
8 3 10.0 Greg Bugbee 41.51286 -73.44115 8/20/2013 1.50 Gravel 0 2 3 0 2 0 0
8 4 20.0 Greg Bugbee 41.51277 -73.44116 8/20/2013 1.80 Sand 0 2 2 0 2 0 0
8 5 30.0 Greg Bugbee 41.51268 -73.44115 8/20/2013 2.50 Gravel 0 0 0 0 0 0 0
8 6 40.0 Greg Bugbee 41.51257 -73.44114 8/20/2013 3.50 Gravel 0 2 0 0 0 0 0
8 7 50.0 Greg Bugbee 41.51249 -73.44118 8/20/2013 3.50 Gravel 0 0 0 0 0 0 0
8 8 60.0 Greg Bugbee 41.51238 -73.44119 8/20/2013 3.80 Sand 2 2 0 0 0 0 0
8 9 70.0 Greg Bugbee 41.51231 -73.44122 8/20/2013 4.00 Sand 0 2 0 0 0 0 0
8 10 80.0 Greg Bugbee 41.51225 -73.44115 8/20/2013 5.00 Sand 0 0 0 0 0 0 0
9 1 0.1 Greg Bugbee 41.48052 -73.43465 8/20/2013 0.10 Sand 0 2 2 0 0 0 0
9 2 5.0 Greg Bugbee 41.48050 -73.43471 8/20/2013 0.80 Sand 0 0 1 0 0 0 0
9 3 10.0 Greg Bugbee 41.48052 -73.43478 98/20/2013 0.60 Sand 0 0 0 0 0 0 0
9 4 20.0 Greg Bugbee 41.48045 -73.43488 8/20/2013 1.30 Sand 0 0 0 0 0 0 0
9 5 30.0 Greg Bugbee 41.48046 -73.43501 8/20/2013 1.70 Silt 0 0 0 0 0 0 0
9 6 40.0 Greg Bugbee 41.48041 -73.43512 8/20/2013 2.10 Silt 0 0 0 0 0 0 0
9 7 50.0 Greg Bugbee 41.48036 -73.43523 8/20/2013 2.10 Silt 0 0 0 0 0 0 0
9 8 60.0 Greg Bugbee 41.48041 -73.43536 8/20/2013 2.00 Silt 0 0 1 0 0 0 0
9 i) 70.0 Greg Bugbee 41.48031 -73.43547 8/20/2013 1.60 Silt 0 0 0 0 0 0 0
9 10 80.0 Greg Bugbee 41.48014 -73.43547 8/20/2013 1.20 Sand 0 0 0 0 1 0 0
10 1 0.2 Greg Bugbee 41.44736 -73.42951 8/21/2013 0.20 Sand 0 2 0 0 1 0 0
10 2 5.0 Greg Bugbee 4144731 -73.42956 8/21/2013 0.50 Sand 2 2 0 0 0 0 2
10 3 10.0 Greg Bugbee 41.44729 -73.42961 8/21/2013 0.70 Sand 2 2 0 0 0 0 2

Transect Point Shore (m) Surveyor Latitude Longitude Date (m) Substrate Notes CerDem MyrSpi NajMin NymOdo PotFol StuPec ValAme
7 3 10.0 Greg Bugbee 41.57148 -73.44285 8/20/2013 1.00 Gravel 0 2 0 0 0 0 0
7 4 20.0 Greg Bugbee 41.57145 -73.44298 8/20/2013 1.80 Sand 0 0 0 0 0 0 0
7 5 30.0 Greg Bugbee 41.57141 -73.44308 8/20/2013 2.60 Rock 0 2 0 0 0 0 0
7 6 40.0 Greg Bugbee 41.57141 -73.44321 8/20/2013 3.80 Silt 0 0 0 0 0 0 0
7 7 50.0 Greg Bugbee 41.57145 -73.44334 8/20/2013 5.00 Rock 0 0 0 0 0 0 0
7 8 60.0 Greg Bugbee 41.57141 -73.44346 8/20/2013 5.40 Sand 0 0 0 0 0 0 0
7 9 70.0 Greg Bugbee 41.57144 -73.44357 8/20/2013 5.90 Silt 0 0 0 0 0 0 0
7 10 80.0 Greg Bugbee 41.57138 -73.44372 8/20/2013 7.40 Silt 0 0 0 0 0 0 0
8 1 0.2 Greg Bugbee 41.51295 -73.44118 8/20/2013 0.20 Gravel 0 0 0 0 0 0 0
8 2 5.0 Greg Bugbee 41.51293 -73.44113 8/20/2013 1.00 Gravel 0 0 1 0 1 0 0
8 3 10.0 Greg Bugbee 41.51286 -73.44115 8/20/2013 1.50 Gravel 0 2 3 0 2 0 0
8 4 20.0 Greg Bugbee 41.51277 -73.44116 8/20/2013 1.80 Sand 0 2 2 0 2 0 0
8 5 30.0 Greg Bugbee 4151268 -73.44115 8/20/2013 2.50 Gravel 0 0 0 0 0 0 0
8 6 40.0 Greg Bugbee 41.51257 -73.44114 8/20/2013 3.50 Gravel 0 2 0 0 0 0 0
8 7 50.0 Greg Bugbee 4151249 -73.44118 8/20/2013 3.50 Gravel 0 0 0 0 0 0 0
8 8 60.0 Greg Bugbee 4151238 -73.44119 8/20/2013 3.80 Sand 2 2 0 0 0 0 0
8 9 70.0 Greg Bugbee 41.51231 -73.44122 8/20/2013 4.00 Sand 0 2 0 0 0 0 0
8 10 80.0 Greg Bugbee 4151225 -73.44115 8/20/2013 5.00 Sand 0 0 0 0 0 0 0
9 1 0.1 Greg Bugbee 41.48052 -73.43465 8/20/2013 0.10 Sand 0 2 2 0 0 0 0
9 2 5.0 Greg Bugbee 41.48050 -73.43471 8/20/2013 0.80 Sand 0 0 1 0 0 0 0
9 3 10.0 Greg Bugbee 41.48052 -73.43478 8/20/2013 0.60 Sand 0 0 0 0 0 0 0
9 4 20.0 Greg Bugbee 41.48045 -73.43488 8/20/2013 1.30 Sand 0 0 0 0 0 0 0
9 5 30.0 Greg Bugbee 41.48046 -73.43501 8/20/2013 1.70 Silt 0 0 0 0 0 0 0
9 6 40.0 Greg Bugbee 41.48041 -73.43512 8/20/2013 2.10 Silt 0 0 0 0 0 0 0
9 7 50.0 Greg Bugbee 41.48036 -73.43523 8/20/2013 2.10 Silt 0 0 0 0 0 0 0
9 8 60.0 Greg Bugbee 41.48041 -73.43536 8/20/2013 2.00 Silt 0 0 1 0 0 0 0
9 9 70.0 Greg Bugbee 41.48031 -73.43547 8/20/2013 1.60 Silt 0 0 0 0 0 0 0
9 10 80.0 Greg Bugbee 41.48014 -73.43547 8/20/2013 1.20 Sand 0 0 0 0 1 0 0
10 1 0.2 Greg Bugbee 41.44736 -73.42951 8/21/2013 0.20 Sand 0 2 0 0 1 0 0
10 2 5.0 Greg Bugbee 41.44731 -73.42956 8/21/2013 0.50 Sand 2 2 0 0 0 0 2
10 3 10.0 Greg Bugbee 41.44729 -73.42961 8/21/2013 0.70 Sand 2 2 0 0 0 0 2

Transect Point Shore (m) Surveyor Latitude Longitude Date (m) Substrate Notes CerDem MyrSpi NajMin NymOdo PotFol StuPec ValAme
7 3 10.0 Greg Bugbee 41.57148 -73.44285 8/20/2013 1.00 Gravel 0 2 0 0 0 0 0
7 4 20.0 Greg Bugbee 41.57145 -73.44298 8/20/2013 1.80 Sand 0 0 0 0 0 0 0
7 5 30.0 Greg Bugbee 41.57141 -73.44308 8/20/2013 2.60 Rock 0 2 0 0 0 0 0
7 6 40.0 Greg Bugbee 41.57141 -73.44321 8/20/2013 3.80 Silt 0 0 0 0 0 0 0
7 7 50.0 Greg Bugbee 41.57145 -73.44334 8/20/2013 5.00 Rock 0 0 0 0 0 0 0
7 8 60.0 Greg Bugbee 41.57141 -73.44346 8/20/2013 5.40 Sand 0 0 0 0 0 0 0
7 9 70.0 Greg Bugbee 41.57144 -73.44357 8/20/2013 5.90 Silt 0 0 0 0 0 0 0
7 10 80.0 Greg Bugbee 41.57138 -73.44372 8/20/2013 7.40 Silt 0 0 0 0 0 0 0
8 1 0.2 Greg Bugbee 41.51295 -73.44118 8/20/2013 0.20 Gravel 0 0 0 0 0 0 0
8 2 5.0 Greg Bugbee 41.51293 -73.44113 8/20/2013 1.00 Gravel 0 0 1 0 1 0 0
8 3 10.0 Greg Bugbee 41.51286 -73.44115 8/20/2013 1.50 Gravel 0 2 3 0 2 0 0
8 4 20.0 Greg Bugbee 41.51277 -73.44116 8/20/2013 1.80 Sand 0 2 2 0 2 0 0
8 5 30.0 Greg Bugbee 41.51268 -73.44115 8/20/2013 2.50 Gravel 0 0 0 0 0 0 0
8 6 40.0 Greg Bugbee 41.51257 -73.44114 8/20/2013 3.50 Gravel 0 2 0 0 0 0 0
8 7 50.0 Greg Bugbee 41.51249 -73.44118 8/20/2013 3.50 Gravel 0 0 0 0 0 0 0
8 8 60.0 Greg Bugbee 41.51238 -73.44119 8/20/2013 3.80 Sand 2 2 0 0 0 0 0
8 9 70.0 Greg Bugbee 41.51231 -73.44122 8/20/2013 4.00 Sand 0 2 0 0 0 0 0
8 10 80.0 Greg Bugbee 41.51225 -73.44115 8/20/2013 5.00 Sand 0 0 0 0 0 0 0
9 1 0.1 Greg Bugbee 41.48052 -73.43465 8/20/2013 0.10 Sand 0 2 2 0 0 0 0
9 2 5.0 Greg Bugbee 41.48050 -73.43471 8/20/2013 0.80 Sand 0 0 1 0 0 0 0
9 3 10.0 Greg Bugbee 41.48052 -73.43478 98/20/2013 0.60 Sand 0 0 0 0 0 0 0
9 4 20.0 Greg Bugbee 41.48045 -73.43488 8/20/2013 1.30 Sand 0 0 0 0 0 0 0
9 5 30.0 Greg Bugbee 41.48046 -73.43501 8/20/2013 1.70 Silt 0 0 0 0 0 0 0
9 6 40.0 Greg Bugbee 41.48041 -73.43512 8/20/2013 2.10 Silt 0 0 0 0 0 0 0
9 7 50.0 Greg Bugbee 41.48036 -73.43523 8/20/2013 2.10 Silt 0 0 0 0 0 0 0
9 8 60.0 Greg Bugbee 41.48041 -73.43536 8/20/2013 2.00 Silt 0 0 1 0 0 0 0
9 i) 70.0 Greg Bugbee 41.48031 -73.43547 8/20/2013 1.60 Silt 0 0 0 0 0 0 0
9 10 80.0 Greg Bugbee 41.48014 -73.43547 8/20/2013 1.20 Sand 0 0 0 0 1 0 0
10 1 0.2 Greg Bugbee 41.44736 -73.42951 8/21/2013 0.20 Sand 0 2 0 0 1 0 0
10 2 5.0 Greg Bugbee 4144731 -73.42956 8/21/2013 0.50 Sand 2 2 0 0 0 0 2
10 3 10.0 Greg Bugbee 41.44729 -73.42961 8/21/2013 0.70 Sand 2 2 0 0 0 0 2

Transect Point Shore (m) Surveyor Latitude Longitude Date (m) Substrate Notes CerDem MyrSpi NajMin NymOdo PotFol StuPec ValAme
7 3 10.0 Greg Bugbee 41.57148 -73.44285 8/20/2013 1.00 Gravel 0 2 0 0 0 0 0
7 4 20.0 Greg Bugbee 41.57145 -73.44298 8/20/2013 1.80 Sand 0 0 0 0 0 0 0
7 5 30.0 Greg Bugbee 41.57141 -73.44308 8/20/2013 2.60 Rock 0 2 0 0 0 0 0
7 6 40.0 Greg Bugbee 41.57141 -73.44321 8/20/2013 3.80 Silt 0 0 0 0 0 0 0
7 7 50.0 Greg Bugbee 41.57145 -73.44334 8/20/2013 5.00 Rock 0 0 0 0 0 0 0
7 8 60.0 Greg Bugbee 41.57141 -73.44346 8/20/2013 5.40 Sand 0 0 0 0 0 0 0
7 9 70.0 Greg Bugbee 41.57144 -73.44357 8/20/2013 5.90 Silt 0 0 0 0 0 0 0
7 10 80.0 Greg Bugbee 41.57138 -73.44372 8/20/2013 7.40 Silt 0 0 0 0 0 0 0
8 1 0.2 Greg Bugbee 41.51295 -73.44118 8/20/2013 0.20 Gravel 0 0 0 0 0 0 0
8 2 5.0 Greg Bugbee 41.51293 -73.44113 8/20/2013 1.00 Gravel 0 0 1 0 1 0 0
8 3 10.0 Greg Bugbee 41.51286 -73.44115 8/20/2013 1.50 Gravel 0 2 3 0 2 0 0
8 4 20.0 Greg Bugbee 41.51277 -73.44116 8/20/2013 1.80 Sand 0 2 2 0 2 0 0
8 5 30.0 Greg Bugbee 41.51268 -73.44115 8/20/2013 2.50 Gravel 0 0 0 0 0 0 0
8 6 40.0 Greg Bugbee 41.51257 -73.44114 8/20/2013 3.50 Gravel 0 2 0 0 0 0 0
8 7 50.0 Greg Bugbee 41.51249 -73.44118 8/20/2013 3.50 Gravel 0 0 0 0 0 0 0
8 8 60.0 Greg Bugbee 41.51238 -73.44119 8/20/2013 3.80 Sand 2 2 0 0 0 0 0
8 9 70.0 Greg Bugbee 41.51231 -73.44122 8/20/2013 4.00 Sand 0 2 0 0 0 0 0
8 10 80.0 Greg Bugbee 41.51225 -73.44115 8/20/2013 5.00 Sand 0 0 0 0 0 0 0
9 1 0.1 Greg Bugbee 41.48052 -73.43465 8/20/2013 0.10 Sand 0 2 2 0 0 0 0
9 2 5.0 Greg Bugbee 41.48050 -73.43471 8/20/2013 0.80 Sand 0 0 1 0 0 0 0
9 3 10.0 Greg Bugbee 41.48052 -73.43478 98/20/2013 0.60 Sand 0 0 0 0 0 0 0
9 4 20.0 Greg Bugbee 41.48045 -73.43488 8/20/2013 1.30 Sand 0 0 0 0 0 0 0
9 5 30.0 Greg Bugbee 41.48046 -73.43501 8/20/2013 1.70 Silt 0 0 0 0 0 0 0
9 6 40.0 Greg Bugbee 41.48041 -73.43512 8/20/2013 2.10 Silt 0 0 0 0 0 0 0
9 7 50.0 Greg Bugbee 41.48036 -73.43523 8/20/2013 2.10 Silt 0 0 0 0 0 0 0
9 8 60.0 Greg Bugbee 41.48041 -73.43536 8/20/2013 2.00 Silt 0 0 1 0 0 0 0
9 i) 70.0 Greg Bugbee 41.48031 -73.43547 8/20/2013 1.60 Silt 0 0 0 0 0 0 0
9 10 80.0 Greg Bugbee 41.48014 -73.43547 8/20/2013 1.20 Sand 0 0 0 0 1 0 0
10 1 0.2 Greg Bugbee 41.44736 -73.42951 8/21/2013 0.20 Sand 0 2 0 0 1 0 0
10 2 5.0 Greg Bugbee 4144731 -73.42956 8/21/2013 0.50 Sand 2 2 0 0 0 0 2
10 3 10.0 Greg Bugbee 41.44729 -73.42961 8/21/2013 0.70 Sand 2 2 0 0 0 0 2

Transect Point Shore (m) Surveyor Latitude Longitude Date (m) Substrate Notes CerDem MyrSpi NajMin NymOdo PotFol StuPec ValAme
7 3 10.0 Greg Bugbee 41.57148 -73.44285 8/20/2013 1.00 Gravel 0 2 0 0 0 0 0
7 4 20.0 Greg Bugbee 41.57145 -73.44298 8/20/2013 1.80 Sand 0 0 0 0 0 0 0
7 5 30.0 Greg Bugbee 41.57141 -73.44308 8/20/2013 2.60 Rock 0 2 0 0 0 0 0
7 6 40.0 Greg Bugbee 41.57141 -73.44321 8/20/2013 3.80 Silt 0 0 0 0 0 0 0
7 7 50.0 Greg Bugbee 41.57145 -73.44334 8/20/2013 5.00 Rock 0 0 0 0 0 0 0
7 8 60.0 Greg Bugbee 41.57141 -73.44346 8/20/2013 5.40 Sand 0 0 0 0 0 0 0
7 9 70.0 Greg Bugbee 41.57144 -73.44357 8/20/2013 5.90 Silt 0 0 0 0 0 0 0
7 10 80.0 Greg Bugbee 41.57138 -73.44372 8/20/2013 7.40 Silt 0 0 0 0 0 0 0
8 1 0.2 Greg Bugbee 41.51295 -73.44118 8/20/2013 0.20 Gravel 0 0 0 0 0 0 0
8 2 5.0 Greg Bugbee 41.51293 -73.44113 8/20/2013 1.00 Gravel 0 0 1 0 1 0 0
8 3 10.0 Greg Bugbee 41.51286 -73.44115 8/20/2013 1.50 Gravel 0 2 3 0 2 0 0
8 4 20.0 Greg Bugbee 41.51277 -73.44116 8/20/2013 1.80 Sand 0 2 2 0 2 0 0
8 5 30.0 Greg Bugbee 41.51268 -73.44115 8/20/2013 2.50 Gravel 0 0 0 0 0 0 0
8 6 40.0 Greg Bugbee 41.51257 -73.44114 8/20/2013 3.50 Gravel 0 2 0 0 0 0 0
8 7 50.0 Greg Bugbee 41.51249 -73.44118 8/20/2013 3.50 Gravel 0 0 0 0 0 0 0
8 8 60.0 Greg Bugbee 41.51238 -73.44119 8/20/2013 3.80 Sand 2 2 0 0 0 0 0
8 9 70.0 Greg Bugbee 41.51231 -73.44122 8/20/2013 4.00 Sand 0 2 0 0 0 0 0
8 10 80.0 Greg Bugbee 41.51225 -73.44115 8/20/2013 5.00 Sand 0 0 0 0 0 0 0
9 1 0.1 Greg Bugbee 41.48052 -73.43465 8/20/2013 0.10 Sand 0 2 2 0 0 0 0
9 2 5.0 Greg Bugbee 41.48050 -73.43471 8/20/2013 0.80 Sand 0 0 1 0 0 0 0
9 3 10.0 Greg Bugbee 41.48052 -73.43478 98/20/2013 0.60 Sand 0 0 0 0 0 0 0
9 4 20.0 Greg Bugbee 41.48045 -73.43488 8/20/2013 1.30 Sand 0 0 0 0 0 0 0
9 5 30.0 Greg Bugbee 41.48046 -73.43501 8/20/2013 1.70 Silt 0 0 0 0 0 0 0
9 6 40.0 Greg Bugbee 41.48041 -73.43512 8/20/2013 2.10 Silt 0 0 0 0 0 0 0
9 7 50.0 Greg Bugbee 41.48036 -73.43523 8/20/2013 2.10 Silt 0 0 0 0 0 0 0
9 8 60.0 Greg Bugbee 41.48041 -73.43536 8/20/2013 2.00 Silt 0 0 1 0 0 0 0
9 i) 70.0 Greg Bugbee 41.48031 -73.43547 8/20/2013 1.60 Silt 0 0 0 0 0 0 0
9 10 80.0 Greg Bugbee 41.48014 -73.43547 8/20/2013 1.20 Sand 0 0 0 0 1 0 0
10 1 0.2 Greg Bugbee 41.44736 -73.42951 8/21/2013 0.20 Sand 0 2 0 0 1 0 0
10 2 5.0 Greg Bugbee 4144731 -73.42956 8/21/2013 0.50 Sand 2 2 0 0 0 0 2
10 3 10.0 Greg Bugbee 41.44729 -73.42961 8/21/2013 0.70 Sand 2 2 0 0 0 0 2

