Transect Point Shore (m) — Surveyor Latitude Longitude Date (M) Substrate Notes CerDem ElaSp EleSp LemMin MyrSpi NajMin NymOdo PotFol PotPer StuPec ValAme
7 3 10.0 Greg Bugbee 41.5715 -73.44293 8/29/2012 2.00 Gravel 0 0 0 0 5 0 0 0 0 0 0
7 4 20.0 Greg Bugbee 41.5715 -73.44304 8/29/2012 2.00 Rock 0 0 0 0 5 0 0 0 0 0 0
7 5 30.0 Greg Bugbee 41.5715 -73.44318 8/29/2012 3.00 Silt 0 0 0 0 4 0 0 0 0 0 0
7 6 40.0 Greg Bugbee 41.5715 -73.44329 8/29/2012 4.50 Silt 0 0 0 0 0 0 0 0 0 0 0
7 7 50.0 Greg Bugbee 41.5716 -73.4434 8/29/2012 5.50 Silt 0 0 0 0 0 0 0 0 0 0 0
7 8 60.0 Greg Bugbee 41.5716 -73.44351 8/29/2012 6.00 Silt 0 0 0 0 0 0 0 0 0 0 0
7 9 70.0 Greg Bugbee 41.5716 -73.44362 8/29/2012 6.60 Silt 0 0 0 0 0 0 0 0 0 0 0
7 10 80.0 Greg Bugbee 41.5716 -73.44375 8/29/2012 7.00 Silt 0 0 0 0 0 0 0 0 0 0 0
8 1 0.5 Greg Bugbee 41.5129 -73.44122 8/29/2012 0.20 Sand 0 0 0 0 1 0) 0 0 0 0 0
8 2 10.0 Greg Bugbee 41.5129 -73.44118 8/29/2012 1.00 Sand 0 0 0 0 2 0 0 0 0 0 0
8 3 10.0 Greg Bugbee 41.5129 -73.44118 8/29/2012 1.50 Sand 0 0 0 0 4 0 @) 0 0 0 0
8 4 20.0 Greg Bugbee 41.5128 -73.44118 8/29/2012 1.60 Sand 0 0 0 0 4 0 @) 0 0 0 0
8 5 30.0 Greg Bugbee 41.5127 -73.44117 8/29/2012 1.80 Sand 0 0 0 0 4 0 0 0 0 0 0
8 6 40.0 Greg Bugbee 41.5126 -73.44124 8/29/2012 1.50 Sand 0 0 0 0 4 0 0 0 0 0 0
8 7 50.0 Greg Bugbee 41.5125 -73.4412 8/29/2012 1.80 Sand 0 0 0 0 5 0 0 0 0 0 0
8 8 60.0 Greg Bugbee 41.5124 -73.44123 8/29/2012 2.00 Silt 0 0 0 0 4 0 0 0 0 0 0
8 rs) 70.0 Greg Bugbee 41.5123 -73.44119 8/29/2012 3.50 Silt 0 0 0 0 3 0 0 0 0 0 0
8 10 80.0 Greg Bugbee 41.5122 -73.44124 8/29/2012 3.00 Silt 0 0 0 0 2 0 0 0 0 0 0
9 1 0.5 Greg Bugbee 41.4805 -73.43464 8/29/2012 0.50 Sand 0 2 2 0 2 0 0 2 2 0 0
9 2 5.0 Greg Bugbee 41.4805 -73.43472 8/29/2012 1.00 Sand 0 0 0 0 4 2 0 0 0 0 0
9 3 10.0 Greg Bugbee 41.4805 -73.43476 8/29/2012 1.00 Sand 0 0 0 0 3 2 0 0 0 0 0
9 4 20.0 Greg Bugbee 41.4804 -73.43491 8/29/2012 1.50 Silt 0 0 0 0 3 0 0 0 0 0 0
9 5 30.0 Greg Bugbee 41.4804 -73.43499 8/29/2012 2.00 Silt 0 0 0 0 4 0 0 0 0 0 0
9 6 40.0 Greg Bugbee 41.4804 -73.43513 8/29/2012 2.00 Silt 0 0 0 0 4 0 0 0 0 0 0
9 7 50.0 Greg Bugbee 41.4803 -73.43522 8/29/2012 1.80 Silt 0 0 0 0 4 0 0 0 0 0 0
9 8 60.0 Greg Bugbee 41.4803 -73.43533 8/29/2012 1.80 Silt 0 0 0 0 4 0 0 0 0 0 0
9 9 70.0 Greg Bugbee 41.4802 -73.43542 8/29/2012 1.80 Silt 0 0 0 0 3 0 0 0 0 0 0
9 10 80.0 Greg Bugbee 41.4803 -73.43558 8/29/2012 1.30 Silt 0 0 0 0 4 0 0 0 0 0 0
10 1 0.5 Greg Bugbee 41.4474 -73.42952 8/30/2012 0.10 Sand 2 0 0 2 3 2 0 0 0) 0 0
10 2 5.0 Greg Bugbee 41.4473 -73.42957 8/30/2012 0.50 Sand 2 0 0 0 4 2 0 0 0 0 0
10 3 10.0 Grea Buabee 41.4473 -73.42961 8/30/2012 0.80 Muck 2 0 0 2 2 2 @) 0 0 1 3

Transect Point Shore(m) Surveyor Latitude Longitude Date (mM) Substrate Notes CerDem ElaSp EleSp LemMin MyrSpi NajMin NymOdo PotFol PotPer StuPec ValAme
7 3 10.0 Greg Bugbee 41.5715 -73.44293 8/29/2012 2.00 Gravel 0 0 0 0 5 0 0 0 0 0 0
7 4 20.0 Greg Bugbee 41.5715 -73.44304 8/29/2012 2.00 Rock 0 0 0 0 5 0 0 0 0 0 0
7 5 30.0 Greg Bugbee 41.5715 -73.44318 8/29/2012 3.00 Silt 0 0 0 0 4 0 0 0 0 0 0
7 6 40.0 Greg Bugbee 41.5715 -73.44329 8/29/2012 4.50 Silt 0 0 0 0 0 0 0 0 0 0 0
7 7 50.0 Greg Bugbee 41.5716 -73.4434 98/29/2012 5.50 Silt 0 0 0 0 0 0 0 0 0 0 0
7 8 60.0 Greg Bugbee 41.5716 -73.44351 8/29/2012 6.00 Silt 0 0 0 0 0 0 0 0 0 0 0
7 9 70.0 Greg Bugbee 41.5716 -73.44362 8/29/2012 6.60 Silt 0 0 0 0 0 0 0 0 0 0 0
7 10 80.0 Greg Bugbee 41.5716 -73.44375 8/29/2012 7.00 Silt 0 0 0 0 0 0 0 0 0 0 0
8 1 0.5 Greg Bugbee 41.5129 -73.44122 8/29/2012 0.20 Sand 0 0 0 0 1 0 0 0 0 0 0
8 2 10.0 Greg Bugbee 41.5129 -73.44118 8/29/2012 1.00 Sand 0 0 0 0 2 0 0 0 0 0 0
8 3 10.0 Greg Bugbee 41.5129 -73.44118 8/29/2012 1.50 Sand 0 0 0 0 4 0 0 0 0 0 0
8 4 20.0 Greg Bugbee 41.5128 -73.44118 8/29/2012 1.60 Sand 0 0 0 0 4 0 0 0 0 0 0
8 5 30.0 Greg Bugbee 41.5127 -73.44117 8/29/2012 1.80 Sand 0 0 0 0 4 0 0 0 0 0 0
8 6 40.0 Greg Bugbee 41.5126 -73.44124 8/29/2012 1.50 Sand 0 0 0 0 4 0 0 0 0 0 0
8 7 50.0 Greg Bugbee 41.5125 -73.4412 8/29/2012 1.80 Sand 0 0 0 0 5 0 0 0 0 0 0
8 8 60.0 Greg Bugbee 41.5124 -73.44123 8/29/2012 2.00 Silt 0 0 0 0 4 0 0 0 0 0 0
8 9 70.0 Greg Bugbee 41.5123 -73.44119 8/29/2012 3.50 Silt 0 0 0 0 3 0 0 0 0 0 0
8 10 80.0 Greg Bugbee 41.5122 -73.44124 8/29/2012 3.00 Silt 0 0 0 0 2 0 0 0 0 0 0
9 1 0.5 Greg Bugbee 41.4805 -73.43464 8/29/2012 0.50 Sand 0 2 2 0 2 0 0 2 2 0 0
9 2 5.0 Greg Bugbee 41.4805 -73.43472 8/29/2012 1.00 Sand 0 0 0 0 4 2 0 0 0 0 0
9 3 10.0 Greg Bugbee 41.4805 -73.43476 8/29/2012 1.00 Sand 0 0 0 0 3 2 0 0 0 0 0
9 4 20.0 Greg Bugbee 41.4804 -73.43491 8/29/2012 1.50 Silt 0 0 0 0 3 0 0 0 0 0 0
9 5 30.0 Greg Bugbee 41.4804 -73.43499 8/29/2012 2.00 Silt 0 0 0 0 4 0 0 0 0 0 0
9 6 40.0 Greg Bugbee 41.4804 -73.43513 8/29/2012 2.00 Silt 0 0 0 0 4 0 0 0 0 0 0
9 7 50.0 Greg Bugbee 41.4803 -73.43522 8/29/2012 1.80 Silt 0 0 0 0 4 0 0 0 0 0 0
9 8 60.0 Greg Bugbee 41.4803 -73.43533 8/29/2012 1.80 Silt 0 0 0 0 4 0 0 0 0 0 0
9 9 70.0 Greg Bugbee 41.4802 -73.43542 8/29/2012 1.80 Silt 0 0 0 0 3 0 0 0 0 0 0
9 10 80.0 Greg Bugbee 41.4803 -73.43558 8/29/2012 1.30 Silt 0 0 0 0 4 0 0 0 0 0 0
10 1 0.5 Greg Bugbee 41.4474 -73.42952 8/30/2012 0.10 Sand 2 0 0 2 3 2 0 0 0 0 0
10 2 5.0 Greg Bugbee 41.4473 -73.42957 8/30/2012 0.50 Sand 2 0 0 0 4 2 0 0 0 0 0
10 3 10.0 Grea Buabee 41.4473 -73.42961 8/30/2012 0.80 Muck 2 0 0 2 2 2 0 0 0 1 3

Transect Point Shore (m) — Surveyor Latitude Longitude Date (M) Substrate Notes CerDem ElaSp EleSp LemMin MyrSpi NajMin NymOdo PotFol PotPer StuPec ValAme
7 3 10.0 Greg Bugbee 41.5715 -73.44293 8/29/2012 2.00 Gravel 0 0 0 0 5 0 0 0 0 0 0
7 4 20.0 Greg Bugbee 41.5715 -73.44304 8/29/2012 2.00 Rock 0 0 0 0 5 0 0 0 0 0 0
7 5 30.0 Greg Bugbee 41.5715 -73.44318 8/29/2012 3.00 Silt 0 0 0 0 4 0 0 0 0 0 0
7 6 40.0 Greg Bugbee 41.5715 -73.44329 8/29/2012 4.50 Silt 0 0 0 0 0 0 0 0 0 0 0
7 7 50.0 Greg Bugbee 41.5716 -73.4434 8/29/2012 5.50 Silt 0 0 0 0 0 0 0 0 0 0 0
7 8 60.0 Greg Bugbee 41.5716 -73.44351 8/29/2012 6.00 Silt 0 0 0 0 0 0 0 0 0 0 0
7 9 70.0 Greg Bugbee 41.5716 -73.44362 8/29/2012 6.60 Silt 0 0 0 0 0 0 0 0 0 0 0
7 10 80.0 Greg Bugbee 41.5716 -73.44375 8/29/2012 7.00 Silt 0 0 0 0 0 0 0 0 0 0 0
8 1 0.5 Greg Bugbee 41.5129 -73.44122 8/29/2012 0.20 Sand 0 0 0 0 1 0) 0 0 0 0 0
8 2 10.0 Greg Bugbee 41.5129 -73.44118 8/29/2012 1.00 Sand 0 0 0 0 2 0 0 0 0 0 0
8 3 10.0 Greg Bugbee 41.5129 -73.44118 8/29/2012 1.50 Sand 0 0 0 0 4 0 @) 0 0 0 0
8 4 20.0 Greg Bugbee 41.5128 -73.44118 8/29/2012 1.60 Sand 0 0 0 0 4 0 @) 0 0 0 0
8 5 30.0 Greg Bugbee 41.5127 -73.44117 8/29/2012 1.80 Sand 0 0 0 0 4 0 0 0 0 0 0
8 6 40.0 Greg Bugbee 41.5126 -73.44124 8/29/2012 1.50 Sand 0 0 0 0 4 0 0 0 0 0 0
8 7 50.0 Greg Bugbee 41.5125 -73.4412 8/29/2012 1.80 Sand 0 0 0 0 5 0 0 0 0 0 0
8 8 60.0 Greg Bugbee 41.5124 -73.44123 8/29/2012 2.00 Silt 0 0 0 0 4 0 0 0 0 0 0
8 rs) 70.0 Greg Bugbee 41.5123 -73.44119 8/29/2012 3.50 Silt 0 0 0 0 3 0 0 0 0 0 0
8 10 80.0 Greg Bugbee 41.5122 -73.44124 8/29/2012 3.00 Silt 0 0 0 0 2 0 0 0 0 0 0
9 1 0.5 Greg Bugbee 41.4805 -73.43464 8/29/2012 0.50 Sand 0 2 2 0 2 0 0 2 2 0 0
9 2 5.0 Greg Bugbee 41.4805 -73.43472 8/29/2012 1.00 Sand 0 0 0 0 4 2 0 0 0 0 0
9 3 10.0 Greg Bugbee 41.4805 -73.43476 8/29/2012 1.00 Sand 0 0 0 0 3 2 0 0 0 0 0
9 4 20.0 Greg Bugbee 41.4804 -73.43491 8/29/2012 1.50 Silt 0 0 0 0 3 0 0 0 0 0 0
9 5 30.0 Greg Bugbee 41.4804 -73.43499 8/29/2012 2.00 Silt 0 0 0 0 4 0 0 0 0 0 0
9 6 40.0 Greg Bugbee 41.4804 -73.43513 8/29/2012 2.00 Silt 0 0 0 0 4 0 0 0 0 0 0
9 7 50.0 Greg Bugbee 41.4803 -73.43522 8/29/2012 1.80 Silt 0 0 0 0 4 0 0 0 0 0 0
9 8 60.0 Greg Bugbee 41.4803 -73.43533 8/29/2012 1.80 Silt 0 0 0 0 4 0 0 0 0 0 0
9 9 70.0 Greg Bugbee 41.4802 -73.43542 8/29/2012 1.80 Silt 0 0 0 0 3 0 0 0 0 0 0
9 10 80.0 Greg Bugbee 41.4803 -73.43558 8/29/2012 1.30 Silt 0 0 0 0 4 0 0 0 0 0 0
10 1 0.5 Greg Bugbee 41.4474 -73.42952 8/30/2012 0.10 Sand 2 0 0 2 3 2 0 0 0) 0 0
10 2 5.0 Greg Bugbee 41.4473 -73.42957 8/30/2012 0.50 Sand 2 0 0 0 4 2 0 0 0 0 0
10 3 10.0 Grea Buabee 41.4473 -73.42961 8/30/2012 0.80 Muck 2 0 0 2 2 2 @) 0 0 1 3

Transect Point Shore (m) — Surveyor Latitude Longitude Date (M) Substrate Notes CerDem ElaSp EleSp LemMin MyrSpi NajMin NymOdo PotFol PotPer StuPec ValAme
7 3 10.0 Greg Bugbee 41.5715 -73.44293 8/29/2012 2.00 Gravel 0 0 0 0 5 0 0 0 0 0 0
7 4 20.0 Greg Bugbee 41.5715 -73.44304 8/29/2012 2.00 Rock 0 0 0 0 5 0 0 0 0 0 0
7 5 30.0 Greg Bugbee 41.5715 -73.44318 8/29/2012 3.00 Silt 0 0 0 0 4 0 0 0 0 0 0
7 6 40.0 Greg Bugbee 41.5715 -73.44329 8/29/2012 4.50 Silt 0 0 0 0 0 0 0 0 0 0 0
7 7 50.0 Greg Bugbee 41.5716 -73.4434 8/29/2012 5.50 Silt 0 0 0 0 0 0 0 0 0 0 0
7 8 60.0 Greg Bugbee 41.5716 -73.44351 8/29/2012 6.00 Silt 0 0 0 0 0 0 0 0 0 0 0
7 9 70.0 Greg Bugbee 41.5716 -73.44362 8/29/2012 6.60 Silt 0 0 0 0 0 0 0 0 0 0 0
7 10 80.0 Greg Bugbee 41.5716 -73.44375 8/29/2012 7.00 Silt 0 0 0 0 0 0 0 0 0 0 0
8 1 0.5 Greg Bugbee 41.5129 -73.44122 8/29/2012 0.20 Sand 0 0 0 0 1 0) 0 0 0 0 0
8 2 10.0 Greg Bugbee 41.5129 -73.44118 8/29/2012 1.00 Sand 0 0 0 0 2 0 0 0 0 0 0
8 3 10.0 Greg Bugbee 41.5129 -73.44118 8/29/2012 1.50 Sand 0 0 0 0 4 0 @) 0 0 0 0
8 4 20.0 Greg Bugbee 41.5128 -73.44118 8/29/2012 1.60 Sand 0 0 0 0 4 0 @) 0 0 0 0
8 5 30.0 Greg Bugbee 41.5127 -73.44117 8/29/2012 1.80 Sand 0 0 0 0 4 0 0 0 0 0 0
8 6 40.0 Greg Bugbee 41.5126 -73.44124 8/29/2012 1.50 Sand 0 0 0 0 4 0 0 0 0 0 0
8 7 50.0 Greg Bugbee 41.5125 -73.4412 8/29/2012 1.80 Sand 0 0 0 0 5 0 0 0 0 0 0
8 8 60.0 Greg Bugbee 41.5124 -73.44123 8/29/2012 2.00 Silt 0 0 0 0 4 0 0 0 0 0 0
8 rs) 70.0 Greg Bugbee 41.5123 -73.44119 8/29/2012 3.50 Silt 0 0 0 0 3 0 0 0 0 0 0
8 10 80.0 Greg Bugbee 41.5122 -73.44124 8/29/2012 3.00 Silt 0 0 0 0 2 0 0 0 0 0 0
9 1 0.5 Greg Bugbee 41.4805 -73.43464 8/29/2012 0.50 Sand 0 2 2 0 2 0 0 2 2 0 0
9 2 5.0 Greg Bugbee 41.4805 -73.43472 8/29/2012 1.00 Sand 0 0 0 0 4 2 0 0 0 0 0
9 3 10.0 Greg Bugbee 41.4805 -73.43476 8/29/2012 1.00 Sand 0 0 0 0 3 2 0 0 0 0 0
9 4 20.0 Greg Bugbee 41.4804 -73.43491 8/29/2012 1.50 Silt 0 0 0 0 3 0 0 0 0 0 0
9 5 30.0 Greg Bugbee 41.4804 -73.43499 8/29/2012 2.00 Silt 0 0 0 0 4 0 0 0 0 0 0
9 6 40.0 Greg Bugbee 41.4804 -73.43513 8/29/2012 2.00 Silt 0 0 0 0 4 0 0 0 0 0 0
9 7 50.0 Greg Bugbee 41.4803 -73.43522 8/29/2012 1.80 Silt 0 0 0 0 4 0 0 0 0 0 0
9 8 60.0 Greg Bugbee 41.4803 -73.43533 8/29/2012 1.80 Silt 0 0 0 0 4 0 0 0 0 0 0
9 9 70.0 Greg Bugbee 41.4802 -73.43542 8/29/2012 1.80 Silt 0 0 0 0 3 0 0 0 0 0 0
9 10 80.0 Greg Bugbee 41.4803 -73.43558 8/29/2012 1.30 Silt 0 0 0 0 4 0 0 0 0 0 0
10 1 0.5 Greg Bugbee 41.4474 -73.42952 8/30/2012 0.10 Sand 2 0 0 2 3 2 0 0 0) 0 0
10 2 5.0 Greg Bugbee 41.4473 -73.42957 8/30/2012 0.50 Sand 2 0 0 0 4 2 0 0 0 0 0
10 3 10.0 Grea Buabee 41.4473 -73.42961 8/30/2012 0.80 Muck 2 0 0 2 2 2 @) 0 0 1 3

Transect Point Shore (m) — Surveyor Latitude Longitude Date (M) Substrate Notes CerDem ElaSp EleSp LemMin MyrSpi NajMin NymOdo PotFol PotPer StuPec ValAme
7 3 10.0 Greg Bugbee 41.5715 -73.44293 8/29/2012 2.00 Gravel 0 0 0 0 5 0 0 0 0 0 0
7 4 20.0 Greg Bugbee 41.5715 -73.44304 8/29/2012 2.00 Rock 0 0 0 0 5 0 0 0 0 0 0
7 5 30.0 Greg Bugbee 41.5715 -73.44318 8/29/2012 3.00 Silt 0 0 0 0 4 0 0 0 0 0 0
7 6 40.0 Greg Bugbee 41.5715 -73.44329 8/29/2012 4.50 Silt 0 0 0 0 0 0 0 0 0 0 0
7 7 50.0 Greg Bugbee 41.5716 -73.4434 8/29/2012 5.50 Silt 0 0 0 0 0 0 0 0 0 0 0
7 8 60.0 Greg Bugbee 41.5716 -73.44351 8/29/2012 6.00 Silt 0 0 0 0 0 0 0 0 0 0 0
7 9 70.0 Greg Bugbee 41.5716 -73.44362 8/29/2012 6.60 Silt 0 0 0 0 0 0 0 0 0 0 0
7 10 80.0 Greg Bugbee 41.5716 -73.44375 8/29/2012 7.00 Silt 0 0 0 0 0 0 0 0 0 0 0
8 1 0.5 Greg Bugbee 41.5129 -73.44122 8/29/2012 0.20 Sand 0 0 0 0 1 0) 0 0 0 0 0
8 2 10.0 Greg Bugbee 41.5129 -73.44118 8/29/2012 1.00 Sand 0 0 0 0 2 0 0 0 0 0 0
8 3 10.0 Greg Bugbee 41.5129 -73.44118 8/29/2012 1.50 Sand 0 0 0 0 4 0 @) 0 0 0 0
8 4 20.0 Greg Bugbee 41.5128 -73.44118 8/29/2012 1.60 Sand 0 0 0 0 4 0 @) 0 0 0 0
8 5 30.0 Greg Bugbee 41.5127 -73.44117 8/29/2012 1.80 Sand 0 0 0 0 4 0 0 0 0 0 0
8 6 40.0 Greg Bugbee 41.5126 -73.44124 8/29/2012 1.50 Sand 0 0 0 0 4 0 0 0 0 0 0
8 7 50.0 Greg Bugbee 41.5125 -73.4412 8/29/2012 1.80 Sand 0 0 0 0 5 0 0 0 0 0 0
8 8 60.0 Greg Bugbee 41.5124 -73.44123 8/29/2012 2.00 Silt 0 0 0 0 4 0 0 0 0 0 0
8 rs) 70.0 Greg Bugbee 41.5123 -73.44119 8/29/2012 3.50 Silt 0 0 0 0 3 0 0 0 0 0 0
8 10 80.0 Greg Bugbee 41.5122 -73.44124 8/29/2012 3.00 Silt 0 0 0 0 2 0 0 0 0 0 0
9 1 0.5 Greg Bugbee 41.4805 -73.43464 8/29/2012 0.50 Sand 0 2 2 0 2 0 0 2 2 0 0
9 2 5.0 Greg Bugbee 41.4805 -73.43472 8/29/2012 1.00 Sand 0 0 0 0 4 2 0 0 0 0 0
9 3 10.0 Greg Bugbee 41.4805 -73.43476 8/29/2012 1.00 Sand 0 0 0 0 3 2 0 0 0 0 0
9 4 20.0 Greg Bugbee 41.4804 -73.43491 8/29/2012 1.50 Silt 0 0 0 0 3 0 0 0 0 0 0
9 5 30.0 Greg Bugbee 41.4804 -73.43499 8/29/2012 2.00 Silt 0 0 0 0 4 0 0 0 0 0 0
9 6 40.0 Greg Bugbee 41.4804 -73.43513 8/29/2012 2.00 Silt 0 0 0 0 4 0 0 0 0 0 0
9 7 50.0 Greg Bugbee 41.4803 -73.43522 8/29/2012 1.80 Silt 0 0 0 0 4 0 0 0 0 0 0
9 8 60.0 Greg Bugbee 41.4803 -73.43533 8/29/2012 1.80 Silt 0 0 0 0 4 0 0 0 0 0 0
9 9 70.0 Greg Bugbee 41.4802 -73.43542 8/29/2012 1.80 Silt 0 0 0 0 3 0 0 0 0 0 0
9 10 80.0 Greg Bugbee 41.4803 -73.43558 8/29/2012 1.30 Silt 0 0 0 0 4 0 0 0 0 0 0
10 1 0.5 Greg Bugbee 41.4474 -73.42952 8/30/2012 0.10 Sand 2 0 0 2 3 2 0 0 0) 0 0
10 2 5.0 Greg Bugbee 41.4473 -73.42957 8/30/2012 0.50 Sand 2 0 0 0 4 2 0 0 0 0 0
10 3 10.0 Grea Buabee 41.4473 -73.42961 8/30/2012 0.80 Muck 2 0 0 2 2 2 @) 0 0 1 3

