Transect Point Shore (m) Surveyor Latitude Longitude Date (m) Substrate CerDem €ElaSpp EleSpp LemMin MyrSpi NajMin NymOdo SpaSpp SpiPol Typha ValAme
1 1 0.5 Greg Bugbee 41.42378 -73.45250 9/8/2019 0.2 Sand 2 0 0 0 2 0 ie) 0 0 0 0
1 2 5 Greg Bugbee 41.42384 -73.45253 9/8/2019 0.5 Sand 2 0 0 0 2 0 0 0 0 0 0
1 3 10 Greg Bugbee 41.42387 -73.45256 9/8/2019 1.0 Sand 2 0 0 0 2 0 0 0 0 0 0
1 4 20 Greg Bugbee 41.42397 -73.45257 9/8/2019 1.2 Sand 0 0 0 0 1 0 0 ) 0 0 0
1 5 30 Greg Bugbee 41.42406 -73.45257 9/8/2019 1.6 Sand 0 i) 0 0 2 0 0 0 0 0 0
1 6 40 Greg Bugbee 41.42414 -73.45263 9/8/2019 2.0 Sand 0 0 0 0 2 0) @) 0 0 0 )
1 7 50 Greg Bugbee 41.42422 -73.45269 9/8/2019 2.3 Sand 0 0 0 0 2 0 0 0 0 fe) 0
1 8 60 Greg Bugbee 41 42431 -73 45271 9/8/2019 15 Sand 0 8) 0 0 2 0 6) 0 0 0 0
1 9 70 Greg Bugbee 41.42437 -73.45280 9/8/2019 1.7 Sand 0 ) 0 0 0 0 0 0 0 0 0
1 10 80 Greg Bugbee 41.42448 -73.45279 9/8/2019 1.8 Sand 0 ) 0 0 2 0 0 ) 8) 0 0
2 1 0.5 Greg Bugbee 41.42763 -73.44929 9/8/2019 0.2 Sand 1 0) 2 0 2 0 0 0 0 0 )
2 2 5 Grep Bugbee 41.42761 -73.44931 9/8/2019 1.1 Sand 2 0 2 0 2 @) 6) 0 0 0 0
2 3 10 Greg Bugbee 41.42760 -73.44941 9/8/2019 2.5 Sand 3 0 2 0 3 6) ) 0 0 0 0)
2 4 20 Greg Bugbee 41.42754 -73.44951 9/8/2019 3.5 Muck 2 0 2 0 0 0 0 0 0 0 O
2 5 30 Greg Bugbee 41.42750 -73.44963 9/8/2019 3.2 Muck 2 0 2 0 2 0 0 0 0 0 0
2 6 40 Greg Bugbee 41.42746 -73.44973 9/8/2019 2.0 Muck 2 0 2 0 1 0 0 0 0 0 6)
2 7 50 Greg Bugbee 41.42736 -73.44980 9/8/2019 2.0 Gravel 2 ) 0) 0 1 0) 0 0 ie) 0 6)
2 8 Greg Bugbee 41.42736 -73.44992 9/8/2019 3.0 Gravel 6) 0 0 0 2 0) 6) 0 6) 0 0)
2 9 70 Greg Bugbee 41.42728 -73.44996 9/8/2019 3.2 Gravel 6) 0 0 0) 2 ) 0 0 0 0 0
2 10 80 Greg Bugbee 41.42721 -73.45009 9/8/2019 = 3.2 Gravel 6) 0 ) 0 2 0 0 0 0 is) fe)
3 1 0.5 Greg Bugbee 41.47019 -73.43529 9/8/2019 0.2 Sand 0 2 2 0 0 0 0 0 0 0 0
3 2 5 Greg Bugbee 41.47018 -73.43524 9/8/2019 1.0 Sand 0 2 2 0 0 0 ie) 0 0 0 0
3 3 10 Greg Bugbee 41.47020 -73.43516 9/8/2019 1.9 Sand 0) 0 0 0 0 0 0 0 0 0 0
3 4 20 Greg Bugbee 41.47021 -73.43509 9/8/2019 4.5 Sand 2 0 0 0 2 0 0 0 0 0 0
3 5 30 Greg Bugbee 41.47023 -73.43494 9/8/2019 7.0 Silt 0 0 0 0 0 ) 0) 0 Q 8) 0
3 6 40 Greg Bugbee 41.47019 -73.43481 9/8/2019 9.0 Silt 0 0 0 0 0 0 0 0 0 0 0
3 7 50 Greg Bugbee 41.47025 73.43469 9/8/2019 9.5 Silt 0 0 0 0 0 0 0 0 0 0 0
3 8 60 Greg Bugbee 41.47024 -73.43458 9/8/2019 9.5 Silt 0 0 0 0 0 0 0 0 0 0 0
3 9 70 Greg Bugbee 41.47027 -73.43445 9/8/2019 9.5 Silt 0 fe) 0 0 8) ) 0 0 if) ) 0
3 10 80 Greg Bugbee 41.47029 -73.43435 9/8/2019 9.6 Silt 0 0 0 0 ) ) 0 0 0 0 0
4 1 05 Greg Bugbee 41.57127 -73.48835 9/11/2019 0.2 Muck 0) 0 @) 8) 0 é) 0 0 0 8) 0
4 2 5 Grep Bupbee 41.57123 -73.48836 9/11/2019 0.6 Muck 0 6) 0 0 2 0 0 0 i) 0 0
4 3 10 Greg Bugbee 41.57117 73.48837 9/11/2019 1.0 Muck 1 0 0 0 2 0 0 0 ) ie) O
4 4 Greg Bugbee 41.57108 -73.48841 9/11/2019 0.0 Muck 1 0 ie) 0 2 O 2 0 0 0 8)
4 5 30 Greg Bugbee 41.57100 -73.48847 9/11/2019 1.5 Muck 1 ) e) 0 2 e) 2 0 0 6) e)
4 6 40 Greg Bugbee 41.57091 -73.48847 9/11/2019 2.5 Muck 2 0 0 6) 2 0 0 0 0 0 0
4 7 50 Greg Bugbee 41.57086 -73.48853 9/11/2019 2.4 Muck 1 ) O 0 0 0 ¢) 0 0 0 0
4 8 Greg Bugbee 41.57079 -73.48856 9/11/2019 3.0 Muck 0 0 0 0 1 8) 0 0 0 0 0
4 9 70 Greg Bugbee 41.57068 -73.48864 9/11/2019 3.0 Muck 0 0 8) 0 ) 0 6) 0 0 0 0)
4 10 80 Greg Bugbee 41.57060 73.48867 9/11/2019 3.3 Muck 0 0 0 0 0 ) ¢) 0 0 0 0)
5 1 0.5 Greg Bugbee 41.50219 -73.45149 9/11/2019 01 Sand 8) 0 ) 0 8) 0 0 0 0 0 0
5 2 5 Greg Bugbee 41.50216 -73.45154 9/11/2019 1.0 Sand 1 ) 0 0 1 0 0 0 0 0 0
5 3 10 Greg Bugbee 41.50214 -73.45162 9/11/2019 1.3 Sand ie) 0) 2 0 ] i) i) 0 0 O 0
5 4 20 Greg Bugbee 41.50212 -73.45172 9/11/2019 1.8 Sand 0 0 0 0 1 0 0 0 0 0 2
5 5 30 Greg Bugbee 41.50213 -73.45189 9/11/2019 2.5 Gravel 0 0 0 0 1 0 0 0 0 0 0
5 6 40 Greg Bugbee 41.50213 -73.45198 9/11/2019 3.0 Gravel 0 0 0 0 2 0 0 0 8) 6) 0
5 7 50 Greg Bugbee 41.50214 -73.45211 9/11/2019 3.5 Silt 0 0 0 i) 2 a) 0 i) 0 0 0
5 8 60 Greg Bugbee 41.50213 -73.45220 9/11/2019 4.5 Silt 0 ) 0 0 2 0 i) 0 0 0 0
5 9 70 Greg Bugbee 41.50215 -73.45230 9/11/2019 5.3 Silt 0) 0 0 0 0 0 ¢) 0 0 0 0
5 10 80 Greg Bugbee 41.50211 -73.45245 9/11/2019 5.8 Silt 0 0 0 0 8) 0 0 0 0 8) fe)
6 1 0.5 Greg Bugbee 41.51379 -73.45331 9/11/2019 02 Muck 0 0 ) 2 0 0 0 0 2 0 0

Transect Point Shore (m) Surveyor Latitude Longitude Date (m) Substrate CerDem €ElaSpp EleSpp LemMin MyrSpi NajMin NymOdo SpaSpp SpiPol Typha ValAme
1 1 0.5 Greg Bugbee 41.42378 -73.45250 9/8/2019 0.2 Sand 2 0 0 0 2 0 ie) 0 0 0 0
1 2 5 Greg Bugbee 41.42384 -73.45253 9/8/2019 0.5 Sand 2 0 0 0 2 0 0 0 0 0 0
1 3 10 Greg Bugbee 41.42387 -73.45256 9/8/2019 1.0 Sand 2 0 0 0 2 0 0 0 0 0 0
1 4 20 Greg Bugbee 41.42397 -73.45257 9/8/2019 1.2 Sand 0 0 0 0 1 0 0 ) 0 0 0
1 5 30 Greg Bugbee 41.42406 -73.45257 9/8/2019 1.6 Sand 0 i) 0 0 2 0 0 0 0 0 0
1 6 40 Greg Bugbee 41.42414 -73.45263 9/8/2019 2.0 Sand 0 0 0 0 2 0) @) 0 0 0 )
1 7 50 Greg Bugbee 41.42422 -73.45269 9/8/2019 2.3 Sand 0 0 0 0 2 0 0 0 0 fe) 0
1 8 60 Greg Bugbee 41 42431 -73 45271 9/8/2019 15 Sand 0 8) 0 0 2 0 6) 0 0 0 0
1 9 70 Greg Bugbee 41.42437 -73.45280 9/8/2019 1.7 Sand 0 ) 0 0 0 0 0 0 0 0 0
1 10 80 Greg Bugbee 41.42448 -73.45279 9/8/2019 1.8 Sand 0 ) 0 0 2 0 0 ) 8) 0 0
2 1 0.5 Greg Bugbee 41.42763 -73.44929 9/8/2019 0.2 Sand 1 0) 2 0 2 0 0 0 0 0 )
2 2 5 Grep Bugbee 41.42761 -73.44931 9/8/2019 1.1 Sand 2 0 2 0 2 @) 6) 0 0 0 0
2 3 10 Greg Bugbee 41.42760 -73.44941 9/8/2019 2.5 Sand 3 0 2 0 3 6) ) 0 0 0 0)
2 4 20 Greg Bugbee 41.42754 -73.44951 9/8/2019 3.5 Muck 2 0 2 0 0 0 0 0 0 0 O
2 5 30 Greg Bugbee 41.42750 -73.44963 9/8/2019 3.2 Muck 2 0 2 0 2 0 0 0 0 0 0
2 6 40 Greg Bugbee 41.42746 -73.44973 9/8/2019 2.0 Muck 2 0 2 0 1 0 0 0 0 0 6)
2 7 50 Greg Bugbee 41.42736 -73.44980 9/8/2019 2.0 Gravel 2 ) 0) 0 1 0) 0 0 ie) 0 6)
2 8 Greg Bugbee 41.42736 -73.44992 9/8/2019 3.0 Gravel 6) 0 0 0 2 0) 6) 0 6) 0 0)
2 9 70 Greg Bugbee 41.42728 -73.44996 9/8/2019 3.2 Gravel 6) 0 0 0) 2 ) 0 0 0 0 0
2 10 80 Greg Bugbee 41.42721 -73.45009 9/8/2019 = 3.2 Gravel 6) 0 ) 0 2 0 0 0 0 is) fe)
3 1 0.5 Greg Bugbee 41.47019 -73.43529 9/8/2019 0.2 Sand 0 2 2 0 0 0 0 0 0 0 0
3 2 5 Greg Bugbee 41.47018 -73.43524 9/8/2019 1.0 Sand 0 2 2 0 0 0 ie) 0 0 0 0
3 3 10 Greg Bugbee 41.47020 -73.43516 9/8/2019 1.9 Sand 0) 0 0 0 0 0 0 0 0 0 0
3 4 20 Greg Bugbee 41.47021 -73.43509 9/8/2019 4.5 Sand 2 0 0 0 2 0 0 0 0 0 0
3 5 30 Greg Bugbee 41.47023 -73.43494 9/8/2019 7.0 Silt 0 0 0 0 0 ) 0) 0 Q 8) 0
3 6 40 Greg Bugbee 41.47019 -73.43481 9/8/2019 9.0 Silt 0 0 0 0 0 0 0 0 0 0 0
3 7 50 Greg Bugbee 41.47025 73.43469 9/8/2019 9.5 Silt 0 0 0 0 0 0 0 0 0 0 0
3 8 60 Greg Bugbee 41.47024 -73.43458 9/8/2019 9.5 Silt 0 0 0 0 0 0 0 0 0 0 0
3 9 70 Greg Bugbee 41.47027 -73.43445 9/8/2019 9.5 Silt 0 fe) 0 0 8) ) 0 0 if) ) 0
3 10 80 Greg Bugbee 41.47029 -73.43435 9/8/2019 9.6 Silt 0 0 0 0 ) ) 0 0 0 0 0
4 1 05 Greg Bugbee 41.57127 -73.48835 9/11/2019 0.2 Muck 0) 0 @) 8) 0 é) 0 0 0 8) 0
4 2 5 Grep Bupbee 41.57123 -73.48836 9/11/2019 0.6 Muck 0 6) 0 0 2 0 0 0 i) 0 0
4 3 10 Greg Bugbee 41.57117 73.48837 9/11/2019 1.0 Muck 1 0 0 0 2 0 0 0 ) ie) O
4 4 Greg Bugbee 41.57108 -73.48841 9/11/2019 0.0 Muck 1 0 ie) 0 2 O 2 0 0 0 8)
4 5 30 Greg Bugbee 41.57100 -73.48847 9/11/2019 1.5 Muck 1 ) e) 0 2 e) 2 0 0 6) e)
4 6 40 Greg Bugbee 41.57091 -73.48847 9/11/2019 2.5 Muck 2 0 0 6) 2 0 0 0 0 0 0
4 7 50 Greg Bugbee 41.57086 -73.48853 9/11/2019 2.4 Muck 1 ) O 0 0 0 ¢) 0 0 0 0
4 8 Greg Bugbee 41.57079 -73.48856 9/11/2019 3.0 Muck 0 0 0 0 1 8) 0 0 0 0 0
4 9 70 Greg Bugbee 41.57068 -73.48864 9/11/2019 3.0 Muck 0 0 8) 0 ) 0 6) 0 0 0 0)
4 10 80 Greg Bugbee 41.57060 73.48867 9/11/2019 3.3 Muck 0 0 0 0 0 ) ¢) 0 0 0 0)
5 1 0.5 Greg Bugbee 41.50219 -73.45149 9/11/2019 01 Sand 8) 0 ) 0 8) 0 0 0 0 0 0
5 2 5 Greg Bugbee 41.50216 -73.45154 9/11/2019 1.0 Sand 1 ) 0 0 1 0 0 0 0 0 0
5 3 10 Greg Bugbee 41.50214 -73.45162 9/11/2019 1.3 Sand ie) 0) 2 0 ] i) i) 0 0 O 0
5 4 20 Greg Bugbee 41.50212 -73.45172 9/11/2019 1.8 Sand 0 0 0 0 1 0 0 0 0 0 2
5 5 30 Greg Bugbee 41.50213 -73.45189 9/11/2019 2.5 Gravel 0 0 0 0 1 0 0 0 0 0 0
5 6 40 Greg Bugbee 41.50213 -73.45198 9/11/2019 3.0 Gravel 0 0 0 0 2 0 0 0 8) 6) 0
5 7 50 Greg Bugbee 41.50214 -73.45211 9/11/2019 3.5 Silt 0 0 0 i) 2 a) 0 i) 0 0 0
5 8 60 Greg Bugbee 41.50213 -73.45220 9/11/2019 4.5 Silt 0 ) 0 0 2 0 i) 0 0 0 0
5 9 70 Greg Bugbee 41.50215 -73.45230 9/11/2019 5.3 Silt 0) 0 0 0 0 0 ¢) 0 0 0 0
5 10 80 Greg Bugbee 41.50211 -73.45245 9/11/2019 5.8 Silt 0 0 0 0 8) 0 0 0 0 8) fe)
6 1 0.5 Greg Bugbee 41.51379 -73.45331 9/11/2019 02 Muck 0 0 ) 2 0 0 0 0 2 0 0

Transect Point Shore (m) Surveyor Latitude Longitude Date (m) Substrate CerDem €ElaSpp EleSpp LemMin MyrSpi NajMin NymOdo SpaSpp SpiPol Typha ValAme
1 1 0.5 Greg Bugbee 41.42378 -73.45250 9/8/2019 0.2 Sand 2 0 0 0 2 0 ie) 0 0 0 0
1 2 5 Greg Bugbee 41.42384 -73.45253 9/8/2019 0.5 Sand 2 0 0 0 2 0 0 0 0 0 0
1 3 10 Greg Bugbee 41.42387 -73.45256 9/8/2019 1.0 Sand 2 0 0 0 2 0 0 0 0 0 0
1 4 20 Greg Bugbee 41.42397 -73.45257 9/8/2019 1.2 Sand 0 0 0 0 1 0 0 ) 0 0 0
1 5 30 Greg Bugbee 41.42406 -73.45257 9/8/2019 1.6 Sand 0 i) 0 0 2 0 0 0 0 0 0
1 6 40 Greg Bugbee 41.42414 -73.45263 9/8/2019 2.0 Sand 0 0 0 0 2 0) @) 0 0 0 )
1 7 50 Greg Bugbee 41.42422 -73.45269 9/8/2019 2.3 Sand 0 0 0 0 2 0 0 0 0 fe) 0
1 8 60 Greg Bugbee 41 42431 -73 45271 9/8/2019 15 Sand 0 8) 0 0 2 0 6) 0 0 0 0
1 9 70 Greg Bugbee 41.42437 -73.45280 9/8/2019 1.7 Sand 0 ) 0 0 0 0 0 0 0 0 0
1 10 80 Greg Bugbee 41.42448 -73.45279 9/8/2019 1.8 Sand 0 ) 0 0 2 0 0 ) 8) 0 0
2 1 0.5 Greg Bugbee 41.42763 -73.44929 9/8/2019 0.2 Sand 1 0) 2 0 2 0 0 0 0 0 )
2 2 5 Grep Bugbee 41.42761 -73.44931 9/8/2019 1.1 Sand 2 0 2 0 2 @) 6) 0 0 0 0
2 3 10 Greg Bugbee 41.42760 -73.44941 9/8/2019 2.5 Sand 3 0 2 0 3 6) ) 0 0 0 0)
2 4 20 Greg Bugbee 41.42754 -73.44951 9/8/2019 3.5 Muck 2 0 2 0 0 0 0 0 0 0 O
2 5 30 Greg Bugbee 41.42750 -73.44963 9/8/2019 3.2 Muck 2 0 2 0 2 0 0 0 0 0 0
2 6 40 Greg Bugbee 41.42746 -73.44973 9/8/2019 2.0 Muck 2 0 2 0 1 0 0 0 0 0 6)
2 7 50 Greg Bugbee 41.42736 -73.44980 9/8/2019 2.0 Gravel 2 ) 0) 0 1 0) 0 0 ie) 0 6)
2 8 Greg Bugbee 41.42736 -73.44992 9/8/2019 3.0 Gravel 6) 0 0 0 2 0) 6) 0 6) 0 0)
2 9 70 Greg Bugbee 41.42728 -73.44996 9/8/2019 3.2 Gravel 6) 0 0 0) 2 ) 0 0 0 0 0
2 10 80 Greg Bugbee 41.42721 -73.45009 9/8/2019 = 3.2 Gravel 6) 0 ) 0 2 0 0 0 0 is) fe)
3 1 0.5 Greg Bugbee 41.47019 -73.43529 9/8/2019 0.2 Sand 0 2 2 0 0 0 0 0 0 0 0
3 2 5 Greg Bugbee 41.47018 -73.43524 9/8/2019 1.0 Sand 0 2 2 0 0 0 ie) 0 0 0 0
3 3 10 Greg Bugbee 41.47020 -73.43516 9/8/2019 1.9 Sand 0) 0 0 0 0 0 0 0 0 0 0
3 4 20 Greg Bugbee 41.47021 -73.43509 9/8/2019 4.5 Sand 2 0 0 0 2 0 0 0 0 0 0
3 5 30 Greg Bugbee 41.47023 -73.43494 9/8/2019 7.0 Silt 0 0 0 0 0 ) 0) 0 Q 8) 0
3 6 40 Greg Bugbee 41.47019 -73.43481 9/8/2019 9.0 Silt 0 0 0 0 0 0 0 0 0 0 0
3 7 50 Greg Bugbee 41.47025 73.43469 9/8/2019 9.5 Silt 0 0 0 0 0 0 0 0 0 0 0
3 8 60 Greg Bugbee 41.47024 -73.43458 9/8/2019 9.5 Silt 0 0 0 0 0 0 0 0 0 0 0
3 9 70 Greg Bugbee 41.47027 -73.43445 9/8/2019 9.5 Silt 0 fe) 0 0 8) ) 0 0 if) ) 0
3 10 80 Greg Bugbee 41.47029 -73.43435 9/8/2019 9.6 Silt 0 0 0 0 ) ) 0 0 0 0 0
4 1 05 Greg Bugbee 41.57127 -73.48835 9/11/2019 0.2 Muck 0) 0 @) 8) 0 é) 0 0 0 8) 0
4 2 5 Grep Bupbee 41.57123 -73.48836 9/11/2019 0.6 Muck 0 6) 0 0 2 0 0 0 i) 0 0
4 3 10 Greg Bugbee 41.57117 73.48837 9/11/2019 1.0 Muck 1 0 0 0 2 0 0 0 ) ie) O
4 4 Greg Bugbee 41.57108 -73.48841 9/11/2019 0.0 Muck 1 0 ie) 0 2 O 2 0 0 0 8)
4 5 30 Greg Bugbee 41.57100 -73.48847 9/11/2019 1.5 Muck 1 ) e) 0 2 e) 2 0 0 6) e)
4 6 40 Greg Bugbee 41.57091 -73.48847 9/11/2019 2.5 Muck 2 0 0 6) 2 0 0 0 0 0 0
4 7 50 Greg Bugbee 41.57086 -73.48853 9/11/2019 2.4 Muck 1 ) O 0 0 0 ¢) 0 0 0 0
4 8 Greg Bugbee 41.57079 -73.48856 9/11/2019 3.0 Muck 0 0 0 0 1 8) 0 0 0 0 0
4 9 70 Greg Bugbee 41.57068 -73.48864 9/11/2019 3.0 Muck 0 0 8) 0 ) 0 6) 0 0 0 0)
4 10 80 Greg Bugbee 41.57060 73.48867 9/11/2019 3.3 Muck 0 0 0 0 0 ) ¢) 0 0 0 0)
5 1 0.5 Greg Bugbee 41.50219 -73.45149 9/11/2019 01 Sand 8) 0 ) 0 8) 0 0 0 0 0 0
5 2 5 Greg Bugbee 41.50216 -73.45154 9/11/2019 1.0 Sand 1 ) 0 0 1 0 0 0 0 0 0
5 3 10 Greg Bugbee 41.50214 -73.45162 9/11/2019 1.3 Sand ie) 0) 2 0 ] i) i) 0 0 O 0
5 4 20 Greg Bugbee 41.50212 -73.45172 9/11/2019 1.8 Sand 0 0 0 0 1 0 0 0 0 0 2
5 5 30 Greg Bugbee 41.50213 -73.45189 9/11/2019 2.5 Gravel 0 0 0 0 1 0 0 0 0 0 0
5 6 40 Greg Bugbee 41.50213 -73.45198 9/11/2019 3.0 Gravel 0 0 0 0 2 0 0 0 8) 6) 0
5 7 50 Greg Bugbee 41.50214 -73.45211 9/11/2019 3.5 Silt 0 0 0 i) 2 a) 0 i) 0 0 0
5 8 60 Greg Bugbee 41.50213 -73.45220 9/11/2019 4.5 Silt 0 ) 0 0 2 0 i) 0 0 0 0
5 9 70 Greg Bugbee 41.50215 -73.45230 9/11/2019 5.3 Silt 0) 0 0 0 0 0 ¢) 0 0 0 0
5 10 80 Greg Bugbee 41.50211 -73.45245 9/11/2019 5.8 Silt 0 0 0 0 8) 0 0 0 0 8) fe)
6 1 0.5 Greg Bugbee 41.51379 -73.45331 9/11/2019 02 Muck 0 0 ) 2 0 0 0 0 2 0 0

Transect Point Shore (m) Surveyor Latitude Longitude Date (m) Substrate CerDem €ElaSpp EleSpp LemMin MyrSpi NajMin NymOdo SpaSpp SpiPol Typha ValAme
1 1 0.5 Greg Bugbee 41.42378 -73.45250 9/8/2019 0.2 Sand 2 0 0 0 2 ie) 0 0 i¢) 0 0
1 2 5 Greg Bugbee 41.42384 -73.45253 9/8/2019 0.5 Sand 2 0 0 0 2 0 0 0 0 0 0
1 3 10 Greg Bugbee 41.42387 -73.45256 9/8/2019 1.0 Sand 2 (e) ie) 0 2 0 0 0 0 0 0
1 4 20 Greg Bugbee 41.42397 -73.45257 9/8/2019 1.2 Sand 0 0 0 0 1 0 0 0 0 0 0
1 5 30 Greg Bugbee 41.42406 -73.45257 9/8/2019 16 Sand 0 0 0 0 2 0 0 0 0 0 0
1 6 40 Greg Bugbee 41.42414 -73.45263 9/8/2019 2.0 Sand (e) (e) (e) (9) 2 0 0 0 0 0 0
1 7 50 Greg Bugbee 41.42422 -73.45269 9/8/2019 2.3 Sand 0 0 0 0 2 0 0 0 0 0 0
1 8 60 Greg Bugbee 41 42431 -73.45271 9/8/2019 15 Sand 0 0 0 0 2 0 fe) 0 0 0 0
1 9 70 Greg Bugbee 41.42437 -73.45280 9/8/2019 1.7 Sand 0 ie) 0 0 0 0 0 (e) 0 0 0
1 10 80 Greg Bugbee 41.42448 -73.45279 9/8/2019 18 Sand (0) 0 0 0 2 0 0 (¢) 0 i?) i?)
2 1 0.5 Greg Bugbee 41.42763 -73.44929 9/8/2019 0.2 Sand 1 0 2 0 2 0 i¢) ie) 0 0 0
2 2 5 Greg Bugbee 4142761 -73.44931 9/8/2019 1.1 Sand 2 is) 2 0 2 0 0 0 i¢} i¢) is)
2 3 10 Greg Bugbee 41.42760 -73.44941 9/8/2019 2.5 Sand 3 0 2 0 3 0 0 0 0 0 0
2 4 20 Greg Bugbee 41.42754 -73.44951 9/8/2019 3.5 Muck 2 0 2 0 0 ie} 0 0 is) is) ie}
2 5 30 Greg Bugbee 41.42750 -73.44963 9/8/2019 3.2 Muck 2 0 2 0 2 0 0 0 0 0 0
2 6 40 Greg Bugbee 4142746 -73.44973 9/8/2019 2.0 Muck 2 0 2 ie} 1 0 0 0 ie) 0 ie)
2 7 50 Greg Bugbee 41.42736 -73.44980 9/8/2019 2.0 Gravel 2 0 0 0 1 ie) 0 0 0 0 i¢)
2 8 Greg Bugbee 41 42736 -73 44992 9/8/2019 30 Gravel (9) is} 0 0 2 0 0 i¢) ie) ie} ie}
2 9 70 Greg Bugbee 41.42728 -73.44996 9/8/2019 3.2 Gravel 0 0 0 0 2 0 0 0 0 0 0
2 10 80 Greg Bugbee 41.42721 -73.45009 9/8/2019 3.2 Gravel 0 0 0 ie) 2 0 0 0 0 0 ie)
3 1 0.5 Greg Bugbee 41.47019 -73.43529 9/8/2019 0.2 Sand 0 2 2 0 0 0 0 0 0 i) 0
3 2 5 Greg Bugbee 41.47018 -73.43524 9/8/2019 1.0 Sand 0 2 2 0 0 0 0 0 0 0 0
3 3 10 Greg Bugbee 41.47020 -73.43516 9/8/2019 1.9 Sand 0 0 (e) 0 0 0 (e) (e) 0 0 ie)
3 4 20 Greg Bugbee 41.47021 -73.43509 9/8/2019 4.5 Sand 2 0 0 0 2 0 (e) 0 0 0 0
3 5 30 Greg Bugbee 41.47023 -73.43494 9/8/2019 7.0 Silt 0 0 0 0 0 0 0 ie) 0 0 0
3 6 40 Greg Bugbee 41.47019 -73.43481 9/8/2019 9.0 Silt 0 0 0 0 0 0 0 0 0 0 0
3 7 50 Greg Bugbee 41.47025 -73.43469 9/8/2019 9.5 Silt 0 0 0 0 0 0 0 0 0 ie) i)
3 8 60 Greg Bugbee 41.47024 -73.43458 9/8/2019 9.5 Silt 0 0 0 0 0 0 0 0 0 0 0
3 9 70 Greg Bugbee 41.47027 -73.43445 9/8/2019 9.5 Silt 0 0 (e) (¢) 0 0 ie) 0 0 0 (¢)
3 10 80 Greg Bugbee 41.47029 -73.43435 9/8/2019 96 Silt 0 0 0 0 0 0 0 0 0 0 0
4 1 os Greg Bugbee 4157127 -73.48835 9/11/2019 0.2 Muck 0 0 ie) 0 i¢) 0 0 i) is) 0 0
4 2 5 Greg Bugbee 41.57123 -73.48836 9/11/2019 0.6 Muck 0 0 0 0 2 0 0 0 0 0 0
4 3 10 Greg Bugbee 4157117 -73.48837 9/11/2019 1.0 Muck ] 0 0 0 2 ie} ie) 0 ie} 0 0
4 4 Greg Bugbee 41.57108 -73.48841 9/11/2019 0.0 Muck 1 0 0 0 2 ie) 2 i¢) 0 ie) 0
4 5 30 Greg Bugbee 41.57100 -73.48847 9/11/2019 1.5 Muck 1 0 0 (0) 2 0 2 0 0 0 0
4 6 40 Greg Bugbee 41.57091 -73.48847 9/11/2019 2.5 Muck 2 0 0 0 2 0 ie) 0 0 0 0
4 7 50 Greg Bugbee 41.57086 -73.48853 9/11/2019 24 Muck 1 0 0 ie) (0) 0 ie) 0 0 0 0
4 8 Greg Bugbee 41.57079 -73.48856 9/11/2019 3.0 Muck (0) 0 0 0 1 0 0 0 ie) 0 0
4 9 70 Greg Bugbee 41.57068 -73.48864 9/11/2019 3.0 Muck 0 0 0 0 0 0 0 0 0 is) 0
4 10 80 Greg Bugbee 41.57060 73.48867 9/11/2019 3.3 Muck 0 0 0 0 0 0 0 0 0 0 0
5 1 0.5 Greg Bugbee 41.50219 -73.45149 9/11/2019 0.1 Sand 0 0 0 0 0 0 0 0 0 0 0
5 2 5 Greg Bugbee 41.50216 -73.45154 9/11/2019 1.0 Sand 1 0 0 (e) 1 (0) 0 0 ie) it) 0
5 3 10 Greg Bugbee 41.50214 -73.45162 9/11/2019 1.3 Sand ie) 0 2 0 1 0 ie) ie) 0 0 ie)
5 4 20 Greg Bugbee 41.50212 -73.45172 9/11/2019 18 Sand 0 0 0 0 1 0 0 0 0 i?) 2
5 5 30 Greg Bugbee 41.50213 -73.45189 9/11/2019 2.5 Gravel 0 0 0 0 1 0 (e) 0 0 0 0
5 6 40 Greg Bugbee 41.50213 -73.45198 9/11/2019 3.0 Gravel 0 0 0 0 2 0 0 0 0 0 0
5 7 50 Greg Bugbee 41.50214 -73.45211 9/11/2019 3.5 Silt 0 0 0 0 2 0 0 0 0 0 0
5 8 60 Greg Bugbee 41.50213 -73.45220 9/11/2019 4.5 Silt 0 0 0 0 2 0 0 0 0 0 0
5 9 70 Greg Bugbee 41.50215 -73.45230 9/11/2019 5.3 Silt 0 0 ie) 0 (¢} 0 ie] 0 0 0 0
5 10 80 Greg Bugbee 41.50211 -73.45245 9/11/2019 5.8 Silt 0 0 0 0 0 0 0 0 0 0 0
6 1 0.5 Greg Bugbee 4151379 -73.45331 9/11/2019 02 Muck 0 0 0 2 0 0 0 0 2 0 0

Transect Point Shore (m) Surveyor Latitude Longitude Date (m) Substrate CerDem €ElaSpp EleSpp LemMin MyrSpi NajMin NymOdo SpaSpp SpiPol Typha ValAme
1 1 0.5 Greg Bugbee 41.42378 -73.45250 9/8/2019 0.2 Sand 2 0 0 0 2 0 ie) 0 0 0 0
1 2 5 Greg Bugbee 41.42384 -73.45253 9/8/2019 0.5 Sand 2 0 0 0 2 0 0 0 0 0 0
1 3 10 Greg Bugbee 41.42387 -73.45256 9/8/2019 1.0 Sand 2 0 0 0 2 0 0 0 0 0 0
1 4 20 Greg Bugbee 41.42397 -73.45257 9/8/2019 1.2 Sand 0 0 0 0 1 0 0 ) 0 0 0
1 5 30 Greg Bugbee 41.42406 -73.45257 9/8/2019 1.6 Sand 0 i) 0 0 2 0 0 0 0 0 0
1 6 40 Greg Bugbee 41.42414 -73.45263 9/8/2019 2.0 Sand 0 0 0 0 2 0) @) 0 0 0 )
1 7 50 Greg Bugbee 41.42422 -73.45269 9/8/2019 2.3 Sand 0 0 0 0 2 0 0 0 0 fe) 0
1 8 60 Greg Bugbee 41 42431 -73 45271 9/8/2019 15 Sand 0 8) 0 0 2 0 6) 0 0 0 0
1 9 70 Greg Bugbee 41.42437 -73.45280 9/8/2019 1.7 Sand 0 ) 0 0 0 0 0 0 0 0 0
1 10 80 Greg Bugbee 41.42448 -73.45279 9/8/2019 1.8 Sand 0 ) 0 0 2 0 0 ) 8) 0 0
2 1 0.5 Greg Bugbee 41.42763 -73.44929 9/8/2019 0.2 Sand 1 0) 2 0 2 0 0 0 0 0 )
2 2 5 Grep Bugbee 41.42761 -73.44931 9/8/2019 1.1 Sand 2 0 2 0 2 @) 6) 0 0 0 0
2 3 10 Greg Bugbee 41.42760 -73.44941 9/8/2019 2.5 Sand 3 0 2 0 3 6) ) 0 0 0 0)
2 4 20 Greg Bugbee 41.42754 -73.44951 9/8/2019 3.5 Muck 2 0 2 0 0 0 0 0 0 0 O
2 5 30 Greg Bugbee 41.42750 -73.44963 9/8/2019 3.2 Muck 2 0 2 0 2 0 0 0 0 0 0
2 6 40 Greg Bugbee 41.42746 -73.44973 9/8/2019 2.0 Muck 2 0 2 0 1 0 0 0 0 0 6)
2 7 50 Greg Bugbee 41.42736 -73.44980 9/8/2019 2.0 Gravel 2 ) 0) 0 1 0) 0 0 ie) 0 6)
2 8 Greg Bugbee 41.42736 -73.44992 9/8/2019 3.0 Gravel 6) 0 0 0 2 0) 6) 0 6) 0 0)
2 9 70 Greg Bugbee 41.42728 -73.44996 9/8/2019 3.2 Gravel 6) 0 0 0) 2 ) 0 0 0 0 0
2 10 80 Greg Bugbee 41.42721 -73.45009 9/8/2019 = 3.2 Gravel 6) 0 ) 0 2 0 0 0 0 is) fe)
3 1 0.5 Greg Bugbee 41.47019 -73.43529 9/8/2019 0.2 Sand 0 2 2 0 0 0 0 0 0 0 0
3 2 5 Greg Bugbee 41.47018 -73.43524 9/8/2019 1.0 Sand 0 2 2 0 0 0 ie) 0 0 0 0
3 3 10 Greg Bugbee 41.47020 -73.43516 9/8/2019 1.9 Sand 0) 0 0 0 0 0 0 0 0 0 0
3 4 20 Greg Bugbee 41.47021 -73.43509 9/8/2019 4.5 Sand 2 0 0 0 2 0 0 0 0 0 0
3 5 30 Greg Bugbee 41.47023 -73.43494 9/8/2019 7.0 Silt 0 0 0 0 0 ) 0) 0 Q 8) 0
3 6 40 Greg Bugbee 41.47019 -73.43481 9/8/2019 9.0 Silt 0 0 0 0 0 0 0 0 0 0 0
3 7 50 Greg Bugbee 41.47025 73.43469 9/8/2019 9.5 Silt 0 0 0 0 0 0 0 0 0 0 0
3 8 60 Greg Bugbee 41.47024 -73.43458 9/8/2019 9.5 Silt 0 0 0 0 0 0 0 0 0 0 0
3 9 70 Greg Bugbee 41.47027 -73.43445 9/8/2019 9.5 Silt 0 fe) 0 0 8) ) 0 0 if) ) 0
3 10 80 Greg Bugbee 41.47029 -73.43435 9/8/2019 9.6 Silt 0 0 0 0 ) ) 0 0 0 0 0
4 1 05 Greg Bugbee 41.57127 -73.48835 9/11/2019 0.2 Muck 0) 0 @) 8) 0 é) 0 0 0 8) 0
4 2 5 Grep Bupbee 41.57123 -73.48836 9/11/2019 0.6 Muck 0 6) 0 0 2 0 0 0 i) 0 0
4 3 10 Greg Bugbee 41.57117 73.48837 9/11/2019 1.0 Muck 1 0 0 0 2 0 0 0 ) ie) O
4 4 Greg Bugbee 41.57108 -73.48841 9/11/2019 0.0 Muck 1 0 ie) 0 2 O 2 0 0 0 8)
4 5 30 Greg Bugbee 41.57100 -73.48847 9/11/2019 1.5 Muck 1 ) e) 0 2 e) 2 0 0 6) e)
4 6 40 Greg Bugbee 41.57091 -73.48847 9/11/2019 2.5 Muck 2 0 0 6) 2 0 0 0 0 0 0
4 7 50 Greg Bugbee 41.57086 -73.48853 9/11/2019 2.4 Muck 1 ) O 0 0 0 ¢) 0 0 0 0
4 8 Greg Bugbee 41.57079 -73.48856 9/11/2019 3.0 Muck 0 0 0 0 1 8) 0 0 0 0 0
4 9 70 Greg Bugbee 41.57068 -73.48864 9/11/2019 3.0 Muck 0 0 8) 0 ) 0 6) 0 0 0 0)
4 10 80 Greg Bugbee 41.57060 73.48867 9/11/2019 3.3 Muck 0 0 0 0 0 ) ¢) 0 0 0 0)
5 1 0.5 Greg Bugbee 41.50219 -73.45149 9/11/2019 01 Sand 8) 0 ) 0 8) 0 0 0 0 0 0
5 2 5 Greg Bugbee 41.50216 -73.45154 9/11/2019 1.0 Sand 1 ) 0 0 1 0 0 0 0 0 0
5 3 10 Greg Bugbee 41.50214 -73.45162 9/11/2019 1.3 Sand ie) 0) 2 0 ] i) i) 0 0 O 0
5 4 20 Greg Bugbee 41.50212 -73.45172 9/11/2019 1.8 Sand 0 0 0 0 1 0 0 0 0 0 2
5 5 30 Greg Bugbee 41.50213 -73.45189 9/11/2019 2.5 Gravel 0 0 0 0 1 0 0 0 0 0 0
5 6 40 Greg Bugbee 41.50213 -73.45198 9/11/2019 3.0 Gravel 0 0 0 0 2 0 0 0 8) 6) 0
5 7 50 Greg Bugbee 41.50214 -73.45211 9/11/2019 3.5 Silt 0 0 0 i) 2 a) 0 i) 0 0 0
5 8 60 Greg Bugbee 41.50213 -73.45220 9/11/2019 4.5 Silt 0 ) 0 0 2 0 i) 0 0 0 0
5 9 70 Greg Bugbee 41.50215 -73.45230 9/11/2019 5.3 Silt 0) 0 0 0 0 0 ¢) 0 0 0 0
5 10 80 Greg Bugbee 41.50211 -73.45245 9/11/2019 5.8 Silt 0 0 0 0 8) 0 0 0 0 8) fe)
6 1 0.5 Greg Bugbee 41.51379 -73.45331 9/11/2019 02 Muck 0 0 ) 2 0 0 0 0 2 0 0

Transect Point Shore (m) Surveyor Latitude Longitude Date (m) Substrate CerDem €ElaSpp EleSpp LemMin MyrSpi NajMin NymOdo SpaSpp SpiPol Typha ValAme
1 1 0.5 Greg Bugbee 41.42378 -73.45250 9/8/2019 0.2 Sand 2 0 0 0 2 0 ie) 0 0 0 0
1 2 5 Greg Bugbee 41.42384 -73.45253 9/8/2019 0.5 Sand 2 0 0 0 2 0 0 0 0 0 0
1 3 10 Greg Bugbee 41.42387 -73.45256 9/8/2019 1.0 Sand 2 0 0 0 2 0 0 0 0 0 0
1 4 20 Greg Bugbee 41.42397 -73.45257 9/8/2019 1.2 Sand 0 0 0 0 1 0 0 ) 0 0 0
1 5 30 Greg Bugbee 41.42406 -73.45257 9/8/2019 1.6 Sand 0 i) 0 0 2 0 0 0 0 0 0
1 6 40 Greg Bugbee 41.42414 -73.45263 9/8/2019 2.0 Sand 0 0 0 0 2 0) @) 0 0 0 )
1 7 50 Greg Bugbee 41.42422 -73.45269 9/8/2019 2.3 Sand 0 0 0 0 2 0 0 0 0 fe) 0
1 8 60 Greg Bugbee 41 42431 -73 45271 9/8/2019 15 Sand 0 8) 0 0 2 0 6) 0 0 0 0
1 9 70 Greg Bugbee 41.42437 -73.45280 9/8/2019 1.7 Sand 0 ) 0 0 0 0 0 0 0 0 0
1 10 80 Greg Bugbee 41.42448 -73.45279 9/8/2019 1.8 Sand 0 ) 0 0 2 0 0 ) 8) 0 0
2 1 0.5 Greg Bugbee 41.42763 -73.44929 9/8/2019 0.2 Sand 1 0) 2 0 2 0 0 0 0 0 )
2 2 5 Grep Bugbee 41.42761 -73.44931 9/8/2019 1.1 Sand 2 0 2 0 2 @) 6) 0 0 0 0
2 3 10 Greg Bugbee 41.42760 -73.44941 9/8/2019 2.5 Sand 3 0 2 0 3 6) ) 0 0 0 0)
2 4 20 Greg Bugbee 41.42754 -73.44951 9/8/2019 3.5 Muck 2 0 2 0 0 0 0 0 0 0 O
2 5 30 Greg Bugbee 41.42750 -73.44963 9/8/2019 3.2 Muck 2 0 2 0 2 0 0 0 0 0 0
2 6 40 Greg Bugbee 41.42746 -73.44973 9/8/2019 2.0 Muck 2 0 2 0 1 0 0 0 0 0 6)
2 7 50 Greg Bugbee 41.42736 -73.44980 9/8/2019 2.0 Gravel 2 ) 0) 0 1 0) 0 0 ie) 0 6)
2 8 Greg Bugbee 41.42736 -73.44992 9/8/2019 3.0 Gravel 6) 0 0 0 2 0) 6) 0 6) 0 0)
2 9 70 Greg Bugbee 41.42728 -73.44996 9/8/2019 3.2 Gravel 6) 0 0 0) 2 ) 0 0 0 0 0
2 10 80 Greg Bugbee 41.42721 -73.45009 9/8/2019 = 3.2 Gravel 6) 0 ) 0 2 0 0 0 0 is) fe)
3 1 0.5 Greg Bugbee 41.47019 -73.43529 9/8/2019 0.2 Sand 0 2 2 0 0 0 0 0 0 0 0
3 2 5 Greg Bugbee 41.47018 -73.43524 9/8/2019 1.0 Sand 0 2 2 0 0 0 ie) 0 0 0 0
3 3 10 Greg Bugbee 41.47020 -73.43516 9/8/2019 1.9 Sand 0) 0 0 0 0 0 0 0 0 0 0
3 4 20 Greg Bugbee 41.47021 -73.43509 9/8/2019 4.5 Sand 2 0 0 0 2 0 0 0 0 0 0
3 5 30 Greg Bugbee 41.47023 -73.43494 9/8/2019 7.0 Silt 0 0 0 0 0 ) 0) 0 Q 8) 0
3 6 40 Greg Bugbee 41.47019 -73.43481 9/8/2019 9.0 Silt 0 0 0 0 0 0 0 0 0 0 0
3 7 50 Greg Bugbee 41.47025 73.43469 9/8/2019 9.5 Silt 0 0 0 0 0 0 0 0 0 0 0
3 8 60 Greg Bugbee 41.47024 -73.43458 9/8/2019 9.5 Silt 0 0 0 0 0 0 0 0 0 0 0
3 9 70 Greg Bugbee 41.47027 -73.43445 9/8/2019 9.5 Silt 0 fe) 0 0 8) ) 0 0 if) ) 0
3 10 80 Greg Bugbee 41.47029 -73.43435 9/8/2019 9.6 Silt 0 0 0 0 ) ) 0 0 0 0 0
4 1 05 Greg Bugbee 41.57127 -73.48835 9/11/2019 0.2 Muck 0) 0 @) 8) 0 é) 0 0 0 8) 0
4 2 5 Grep Bupbee 41.57123 -73.48836 9/11/2019 0.6 Muck 0 6) 0 0 2 0 0 0 i) 0 0
4 3 10 Greg Bugbee 41.57117 73.48837 9/11/2019 1.0 Muck 1 0 0 0 2 0 0 0 ) ie) O
4 4 Greg Bugbee 41.57108 -73.48841 9/11/2019 0.0 Muck 1 0 ie) 0 2 O 2 0 0 0 8)
4 5 30 Greg Bugbee 41.57100 -73.48847 9/11/2019 1.5 Muck 1 ) e) 0 2 e) 2 0 0 6) e)
4 6 40 Greg Bugbee 41.57091 -73.48847 9/11/2019 2.5 Muck 2 0 0 6) 2 0 0 0 0 0 0
4 7 50 Greg Bugbee 41.57086 -73.48853 9/11/2019 2.4 Muck 1 ) O 0 0 0 ¢) 0 0 0 0
4 8 Greg Bugbee 41.57079 -73.48856 9/11/2019 3.0 Muck 0 0 0 0 1 8) 0 0 0 0 0
4 9 70 Greg Bugbee 41.57068 -73.48864 9/11/2019 3.0 Muck 0 0 8) 0 ) 0 6) 0 0 0 0)
4 10 80 Greg Bugbee 41.57060 73.48867 9/11/2019 3.3 Muck 0 0 0 0 0 ) ¢) 0 0 0 0)
5 1 0.5 Greg Bugbee 41.50219 -73.45149 9/11/2019 01 Sand 8) 0 ) 0 8) 0 0 0 0 0 0
5 2 5 Greg Bugbee 41.50216 -73.45154 9/11/2019 1.0 Sand 1 ) 0 0 1 0 0 0 0 0 0
5 3 10 Greg Bugbee 41.50214 -73.45162 9/11/2019 1.3 Sand ie) 0) 2 0 ] i) i) 0 0 O 0
5 4 20 Greg Bugbee 41.50212 -73.45172 9/11/2019 1.8 Sand 0 0 0 0 1 0 0 0 0 0 2
5 5 30 Greg Bugbee 41.50213 -73.45189 9/11/2019 2.5 Gravel 0 0 0 0 1 0 0 0 0 0 0
5 6 40 Greg Bugbee 41.50213 -73.45198 9/11/2019 3.0 Gravel 0 0 0 0 2 0 0 0 8) 6) 0
5 7 50 Greg Bugbee 41.50214 -73.45211 9/11/2019 3.5 Silt 0 0 0 i) 2 a) 0 i) 0 0 0
5 8 60 Greg Bugbee 41.50213 -73.45220 9/11/2019 4.5 Silt 0 ) 0 0 2 0 i) 0 0 0 0
5 9 70 Greg Bugbee 41.50215 -73.45230 9/11/2019 5.3 Silt 0) 0 0 0 0 0 ¢) 0 0 0 0
5 10 80 Greg Bugbee 41.50211 -73.45245 9/11/2019 5.8 Silt 0 0 0 0 8) 0 0 0 0 8) fe)
6 1 0.5 Greg Bugbee 41.51379 -73.45331 9/11/2019 02 Muck 0 0 ) 2 0 0 0 0 2 0 0

Transect Point Shore (m) Surveyor Latitude Longitude Date (m) Substrate CerDem €ElaSpp EleSpp LemMin MyrSpi NajMin NymOdo SpaSpp SpiPol Typha ValAme
1 1 0.5 Greg Bugbee 41.42378 -73.45250 9/8/2019 0.2 Sand 2 0 0 0 2 0 ie) 0 0 0 0
1 2 5 Greg Bugbee 41.42384 -73.45253 9/8/2019 0.5 Sand 2 0 0 0 2 0 0 0 0 0 0
1 3 10 Greg Bugbee 41.42387 -73.45256 9/8/2019 1.0 Sand 2 0 0 0 2 0 0 0 0 0 0
1 4 20 Greg Bugbee 41.42397 -73.45257 9/8/2019 1.2 Sand 0 0 0 0 1 0 0 ) 0 0 0
1 5 30 Greg Bugbee 41.42406 -73.45257 9/8/2019 1.6 Sand 0 i) 0 0 2 0 0 0 0 0 0
1 6 40 Greg Bugbee 41.42414 -73.45263 9/8/2019 2.0 Sand 0 0 0 0 2 0) @) 0 0 0 )
1 7 50 Greg Bugbee 41.42422 -73.45269 9/8/2019 2.3 Sand 0 0 0 0 2 0 0 0 0 fe) 0
1 8 60 Greg Bugbee 41 42431 -73 45271 9/8/2019 15 Sand 0 8) 0 0 2 0 6) 0 0 0 0
1 9 70 Greg Bugbee 41.42437 -73.45280 9/8/2019 1.7 Sand 0 ) 0 0 0 0 0 0 0 0 0
1 10 80 Greg Bugbee 41.42448 -73.45279 9/8/2019 1.8 Sand 0 ) 0 0 2 0 0 ) 8) 0 0
2 1 0.5 Greg Bugbee 41.42763 -73.44929 9/8/2019 0.2 Sand 1 0) 2 0 2 0 0 0 0 0 )
2 2 5 Grep Bugbee 41.42761 -73.44931 9/8/2019 1.1 Sand 2 0 2 0 2 @) 6) 0 0 0 0
2 3 10 Greg Bugbee 41.42760 -73.44941 9/8/2019 2.5 Sand 3 0 2 0 3 6) ) 0 0 0 0)
2 4 20 Greg Bugbee 41.42754 -73.44951 9/8/2019 3.5 Muck 2 0 2 0 0 0 0 0 0 0 O
2 5 30 Greg Bugbee 41.42750 -73.44963 9/8/2019 3.2 Muck 2 0 2 0 2 0 0 0 0 0 0
2 6 40 Greg Bugbee 41.42746 -73.44973 9/8/2019 2.0 Muck 2 0 2 0 1 0 0 0 0 0 6)
2 7 50 Greg Bugbee 41.42736 -73.44980 9/8/2019 2.0 Gravel 2 ) 0) 0 1 0) 0 0 ie) 0 6)
2 8 Greg Bugbee 41.42736 -73.44992 9/8/2019 3.0 Gravel 6) 0 0 0 2 0) 6) 0 6) 0 0)
2 9 70 Greg Bugbee 41.42728 -73.44996 9/8/2019 3.2 Gravel 6) 0 0 0) 2 ) 0 0 0 0 0
2 10 80 Greg Bugbee 41.42721 -73.45009 9/8/2019 = 3.2 Gravel 6) 0 ) 0 2 0 0 0 0 is) fe)
3 1 0.5 Greg Bugbee 41.47019 -73.43529 9/8/2019 0.2 Sand 0 2 2 0 0 0 0 0 0 0 0
3 2 5 Greg Bugbee 41.47018 -73.43524 9/8/2019 1.0 Sand 0 2 2 0 0 0 ie) 0 0 0 0
3 3 10 Greg Bugbee 41.47020 -73.43516 9/8/2019 1.9 Sand 0) 0 0 0 0 0 0 0 0 0 0
3 4 20 Greg Bugbee 41.47021 -73.43509 9/8/2019 4.5 Sand 2 0 0 0 2 0 0 0 0 0 0
3 5 30 Greg Bugbee 41.47023 -73.43494 9/8/2019 7.0 Silt 0 0 0 0 0 ) 0) 0 Q 8) 0
3 6 40 Greg Bugbee 41.47019 -73.43481 9/8/2019 9.0 Silt 0 0 0 0 0 0 0 0 0 0 0
3 7 50 Greg Bugbee 41.47025 73.43469 9/8/2019 9.5 Silt 0 0 0 0 0 0 0 0 0 0 0
3 8 60 Greg Bugbee 41.47024 -73.43458 9/8/2019 9.5 Silt 0 0 0 0 0 0 0 0 0 0 0
3 9 70 Greg Bugbee 41.47027 -73.43445 9/8/2019 9.5 Silt 0 fe) 0 0 8) ) 0 0 if) ) 0
3 10 80 Greg Bugbee 41.47029 -73.43435 9/8/2019 9.6 Silt 0 0 0 0 ) ) 0 0 0 0 0
4 1 05 Greg Bugbee 41.57127 -73.48835 9/11/2019 0.2 Muck 0) 0 @) 8) 0 é) 0 0 0 8) 0
4 2 5 Grep Bupbee 41.57123 -73.48836 9/11/2019 0.6 Muck 0 6) 0 0 2 0 0 0 i) 0 0
4 3 10 Greg Bugbee 41.57117 73.48837 9/11/2019 1.0 Muck 1 0 0 0 2 0 0 0 ) ie) O
4 4 Greg Bugbee 41.57108 -73.48841 9/11/2019 0.0 Muck 1 0 ie) 0 2 O 2 0 0 0 8)
4 5 30 Greg Bugbee 41.57100 -73.48847 9/11/2019 1.5 Muck 1 ) e) 0 2 e) 2 0 0 6) e)
4 6 40 Greg Bugbee 41.57091 -73.48847 9/11/2019 2.5 Muck 2 0 0 6) 2 0 0 0 0 0 0
4 7 50 Greg Bugbee 41.57086 -73.48853 9/11/2019 2.4 Muck 1 ) O 0 0 0 ¢) 0 0 0 0
4 8 Greg Bugbee 41.57079 -73.48856 9/11/2019 3.0 Muck 0 0 0 0 1 8) 0 0 0 0 0
4 9 70 Greg Bugbee 41.57068 -73.48864 9/11/2019 3.0 Muck 0 0 8) 0 ) 0 6) 0 0 0 0)
4 10 80 Greg Bugbee 41.57060 73.48867 9/11/2019 3.3 Muck 0 0 0 0 0 ) ¢) 0 0 0 0)
5 1 0.5 Greg Bugbee 41.50219 -73.45149 9/11/2019 01 Sand 8) 0 ) 0 8) 0 0 0 0 0 0
5 2 5 Greg Bugbee 41.50216 -73.45154 9/11/2019 1.0 Sand 1 ) 0 0 1 0 0 0 0 0 0
5 3 10 Greg Bugbee 41.50214 -73.45162 9/11/2019 1.3 Sand ie) 0) 2 0 ] i) i) 0 0 O 0
5 4 20 Greg Bugbee 41.50212 -73.45172 9/11/2019 1.8 Sand 0 0 0 0 1 0 0 0 0 0 2
5 5 30 Greg Bugbee 41.50213 -73.45189 9/11/2019 2.5 Gravel 0 0 0 0 1 0 0 0 0 0 0
5 6 40 Greg Bugbee 41.50213 -73.45198 9/11/2019 3.0 Gravel 0 0 0 0 2 0 0 0 8) 6) 0
5 7 50 Greg Bugbee 41.50214 -73.45211 9/11/2019 3.5 Silt 0 0 0 i) 2 a) 0 i) 0 0 0
5 8 60 Greg Bugbee 41.50213 -73.45220 9/11/2019 4.5 Silt 0 ) 0 0 2 0 i) 0 0 0 0
5 9 70 Greg Bugbee 41.50215 -73.45230 9/11/2019 5.3 Silt 0) 0 0 0 0 0 ¢) 0 0 0 0
5 10 80 Greg Bugbee 41.50211 -73.45245 9/11/2019 5.8 Silt 0 0 0 0 8) 0 0 0 0 8) fe)
6 1 0.5 Greg Bugbee 41.51379 -73.45331 9/11/2019 02 Muck 0 0 ) 2 0 0 0 0 2 0 0

